$SPEC_ID:
No sample description was entered.
$SPEC_REM:
DET# 1
DETDESC# SRLAB4 MCB 131 Input 1
AP# GammaVision Version 8.10.02
$DATE_MEA:
09/10/2026 13:09:00
$MEAS_TIM:
2639.42 2839.02
$DATA:
0 1023
       0
       0
     293
   66492
   43176
   41672
   41624
   43720
   46030
   56055
   89828
  165037
  251041
  274290
  213227
  132334
   79107
   56297
   48071
   46322
   46127
   46626
   47059
   47834
   48482
   48843
   49293
   49882
   50807
   51170
   52139
   52806
   54121
   54413
   55112
   55754
   56149
   56075
   56719
   56342
   57592
   58479
   58250
   58321
   58835
   59614
   59346
   59206
   59636
   59780
   59743
   60220
   60287
   60778
   61320
   61165
   62414
   62987
   64750
   65880
   68202
   69916
   73122
   75823
   78859
   82605
   84716
   86266
   85938
   84796
   83303
   80508
   77906
   75138
   71571
   69885
   67281
   65739
   63988
   62787
   61972
   60620
   59316
   58886
   57487
   57158
   56398
   55487
   55193
   54244
   53750
   53391
   52448
   52331
   52217
   51612
   51658
   50693
   50093
   50025
   49634
   49544
   49489
   48822
   48533
   48675
   47964
   48112
   47455
   47231
   46995
   47057
   46624
   45926
   46470
   46116
   45948
   46162
   45675
   45598
   45484
   45620
   45857
   45612
   44838
   44816
   45196
   44984
   44612
   44683
   44671
   44337
   44437
   44478
   44598
   44665
   44882
   44992
   44447
   44643
   44387
   44630
   44888
   45282
   44962
   45144
   44814
   44968
   45192
   44765
   44696
   44220
   43258
   43070
   41923
   40964
   39812
   38012
   36423
   34476
   33152
   31303
   29565
   27592
   26083
   24416
   23034
   21719
   20399
   19196
   18320
   17454
   16661
   15951
   15690
   14882
   14697
   14057
   13535
   13454
   13216
   12642
   12539
   12257
   12265
   12127
   11973
   12085
   11914
   12034
   12070
   12136
   12390
   12530
   12731
   13173
   13465
   14210
   14945
   15972
   17454
   19188
   21500
   24797
   28966
   34320
   40758
   49311
   59394
   71505
   86673
  103151
  121551
  143210
  166912
  190077
  215994
  240347
  265130
  287574
  306417
  323211
  334908
  341221
  343379
  339055
  330245
  316030
  297459
  276156
  251896
  226204
  200002
  174040
  149214
  126010
  105094
   86665
   70224
   56631
   44988
   36097
   28329
   22031
   17620
   14050
   11357
    9199
    7861
    6724
    5714
    5127
    4494
    4234
    3865
    3713
    3347
    3225
    3030
    2997
    2958
    2845
    2700
    2576
    2514
    2491
    2429
    2396
    2321
    2290
    2244
    2195
    2226
    2174
    2149
    2223
    2142
    2148
    2093
    2167
    2125
    2054
    2034
    2149
    2117
    2142
    2064
    1941
    2066
    2133
    2084
    2101
    2094
    2096
    2097
    2097
    2051
    2042
    2114
    2065
    2114
    2047
    2056
    2066
    1937
    1998
    2056
    2051
    1988
    2009
    1966
    2046
    2068
    1968
    2128
    2050
    2078
    2069
    2166
    2287
    2456
    2552
    2681
    3017
    3054
    3347
    3388
    3341
    3270
    3034
    2607
    2438
    2058
    1837
    1576
    1406
    1196
    1114
    1091
    1034
     974
     963
     932
     958
     888
     887
     826
     856
     827
     900
     911
     848
     901
     859
     856
     793
     857
     809
     802
     799
     751
     740
     740
     725
     712
     748
     718
     689
     707
     684
     672
     636
     637
     605
     670
     629
     613
     578
     594
     605
     584
     576
     582
     610
     556
     538
     581
     547
     577
     530
     535
     512
     542
     512
     537
     503
     519
     515
     518
     491
     484
     500
     502
     515
     502
     471
     516
     516
     534
     531
     540
     503
     484
     505
     500
     582
     523
     522
     569
     592
     554
     577
     578
     586
     586
     556
     602
     600
     631
     573
     614
     555
     604
     558
     591
     526
     562
     543
     523
     500
     516
     505
     455
     417
     415
     320
     334
     325
     304
     287
     251
     242
     214
     187
     166
     154
     127
     138
     115
      96
      84
      84
      57
      74
      66
      41
      51
      47
      32
      39
      43
      33
      34
      34
      31
      26
      37
      30
      32
      23
      22
      28
      30
      35
      26
      30
      30
      20
      28
      17
      30
      30
      22
      39
      38
      26
      29
      21
      25
      31
      24
      24
      27
      30
      33
      24
      25
      20
      34
      26
      29
      15
      23
      30
      23
      34
      27
      29
      27
      25
      34
      30
      35
      31
      28
      29
      26
      29
      25
      30
      30
      25
      43
      29
      25
      29
      39
      29
      35
      21
      32
      33
      23
      25
      31
      17
      33
      27
      20
      18
      16
      21
      19
      19
      15
      16
      13
      18
      15
      15
      12
      11
      10
       6
       9
      13
       9
      10
      13
       8
       7
       7
       7
       5
       5
       7
      11
       5
       4
       4
       6
       4
       8
       5
       2
       7
       4
       6
       6
       9
       2
      13
       5
       4
       5
       1
       2
       3
       3
       3
       3
       2
       4
       3
       4
       1
       2
       2
       3
       3
       5
       1
       3
       5
       2
       3
       2
       0
       1
       3
       3
       2
       1
       4
       1
       3
       2
       2
       1
       2
       3
       4
       3
       1
       1
       1
       3
       3
       0
       0
       0
       1
       1
       0
       2
       2
       1
       1
       2
       3
       2
       0
       1
       0
       0
       2
       0
       1
       2
       3
       1
       1
       0
       1
       0
       1
       0
       2
       0
       0
       1
       1
       2
       1
       0
       0
       0
       1
       1
       0
       0
       0
       1
       0
       0
       0
       1
       2
       0
       1
       0
       0
       1
       0
       0
       0
       0
       0
       0
       0
       0
       1
       0
       0
       0
       0
       0
       0
       0
       1
       0
       0
       0
       0
       0
       0
       1
       0
       1
       0
       0
       0
       0
       0
       0
       0
       1
       0
       0
       1
       0
       0
       0
       0
       0
       0
       0
       1
       0
       0
       0
       0
       0
       0
       0
       0
       0
       1
       0
       0
       0
       1
       0
       0
       0
       1
       0
       0
       0
       0
       0
       0
       0
       0
       0
       0
       0
       0
       0
       0
       0
       0
       0
       0
       0
       0
       0
       0
       1
       0
       0
       0
       0
       0
       0
       0
       0
       0
       0
       0
       0
       0
       0
       0
       0
       0
       0
       0
       0
       0
       1
       0
       0
       0
       0
       0
       0
       0
       0
       0
       0
       0
       0
       0
       0
       0
       0
       0
       0
       0
       0
       0
       0
       0
       0
       0
       0
       0
       0
       0
       0
       0
       0
       0
       0
       0
       0
       0
       0
       0
       0
       0
       0
       0
       1
       0
       1
       0
       0
       0
       0
       0
       0
       0
       0
       0
       0
       0
       0
       0
       0
       0
       0
       0
       0
       0
       0
       0
       0
       0
       0
       0
       0
       0
       0
       0
       0
       0
       0
       0
       0
       0
       0
       0
       0
       0
       0
       0
       0
       0
       0
       0
       0
       1
       0
       0
       0
       0
       0
       0
       0
       0
       0
       0
       0
       0
       0
       0
       0
       0
       0
       0
       0
       0
       0
       0
       0
       0
       0
       0
       0
       0
       0
       0
       0
       0
       0
       0
       0
       0
       0
       0
       0
       0
       0
       0
       0
       0
       0
       0
       0
       0
       0
       0
       0
       0
       0
       0
       0
       0
       0
       0
       0
       0
       0
       0
       0
       0
       0
       0
       0
       0
       0
       0
       0
       0
       0
       0
       0
       0
       0
       0
       0
       0
       0
       0
       0
       0
       0
       0
       0
       0
       0
       0
       0
       0
       0
       0
       0
       0
       0
       0
       0
       0
       0
       0
       0
       0
       0
       0
       0
       0
       0
       0
       0
       0
       0
       0
       0
       0
       0
       0
       0
       0
       0
       0
       0
       0
       0
       0
       0
       0
       0
       0
$ROI:
1
198 246
$PRESETS:
Live Time
5400
0
$ENER_FIT:
0.000000 2.974330
$MCA_CAL:
3
0.000000E+000 2.974330E+000 0.000000E+000 keV
$SHAPE_CAL:
3
1.795350E+001 0.000000E+000 0.000000E+000
