$SPEC_ID:
No sample description was entered.
$SPEC_REM:
DET# 1
DETDESC# SRLAB4 MCB 131 Input 1
AP# GammaVision Version 8.10.02
$DATE_MEA:
09/10/2026 21:25:39
$MEAS_TIM:
5400.00 5419.76
$DATA:
0 1023
       0
       0
       2
    5749
    3399
    3548
    3606
    3633
    3739
    4035
    4393
    4861
    4897
    4677
    4504
    4509
    4701
    4980
    5314
    5738
    6144
    7093
    7738
    8642
    9187
    9785
   10247
   11067
   11968
   13267
   14046
   15261
   16251
   17098
   17068
   17006
   16469
   16062
   15779
   15846
   15958
   15990
   16349
   16227
   16414
   16388
   16535
   16445
   16432
   16450
   16645
   16385
   16153
   16256
   15843
   15712
   15738
   15716
   15640
   15616
   15738
   15845
   15953
   16068
   15643
   15162
   14711
   14024
   13363
   12751
   12221
   11879
   11362
   11038
   10808
   10494
   10266
   10225
    9911
    9918
    9964
    9747
    9518
    9388
    9055
    8837
    8788
    8526
    8198
    8203
    8079
    7808
    7753
    7607
    7407
    7407
    7236
    7191
    7129
    6808
    6932
    6627
    6595
    6550
    6204
    6144
    6033
    5810
    5747
    5758
    5554
    5588
    5614
    5450
    5580
    5377
    5448
    5418
    5230
    5133
    4987
    4760
    4606
    4486
    4319
    4068
    3909
    3811
    3566
    3574
    3356
    3420
    3260
    3192
    3197
    3082
    2936
    3049
    2889
    2859
    2814
    2800
    2756
    2706
    2675
    2616
    2531
    2622
    2534
    2558
    2526
    2569
    2488
    2619
    2612
    2815
    2959
    3180
    3369
    3689
    3922
    4408
    4905
    5320
    5910
    6391
    6861
    7292
    7523
    7951
    7937
    7954
    7730
    7509
    6936
    6554
    6117
    5525
    5020
    4390
    3979
    3273
    3034
    2823
    2562
    2203
    2194
    2034
    1903
    1915
    1951
    2018
    1876
    1965
    1985
    2043
    2033
    2104
    2033
    2089
    2111
    1894
    1860
    2018
    1846
    1834
    1806
    1619
    1676
    1487
    1466
    1458
    1412
    1322
    1323
    1231
    1200
    1124
    1203
    1168
    1132
    1151
    1166
    1071
    1108
    1070
    1083
    1128
    1087
    1032
    1083
    1038
    1098
    1061
    1083
    1124
    1088
    1116
    1095
    1062
    1092
    1039
    1071
    1071
    1079
    1087
    1026
    1070
    1045
     979
    1028
    1036
    1038
    1022
     965
     986
     947
     923
     993
     956
     963
     956
     904
     988
     996
     971
     918
    1038
    1000
     940
     976
     999
    1033
    1096
    1058
    1093
    1066
    1105
    1139
    1211
    1181
    1186
    1200
    1286
    1266
    1345
    1423
    1364
    1430
    1501
    1473
    1599
    1716
    1612
    1705
    1770
    1729
    1709
    1663
    1704
    1728
    1717
    1651
    1722
    1793
    1742
    1830
    1796
    1856
    1824
    1916
    1887
    1950
    1946
    2010
    2126
    2173
    2365
    2595
    2925
    3295
    3787
    4108
    4584
    4720
    4691
    4608
    4334
    3856
    3177
    2610
    1926
    1506
    1095
     837
     609
     503
     434
     377
     322
     323
     320
     309
     296
     321
     295
     272
     313
     304
     267
     291
     300
     295
     267
     269
     290
     261
     261
     258
     226
     245
     211
     211
     174
     197
     176
     179
     183
     179
     171
     171
     140
     170
     140
     131
     131
     136
     134
     134
     149
     110
     112
     127
     133
     145
     132
     107
     113
     129
     124
     114
     107
     118
      87
      93
      69
      87
      75
      58
      54
      63
      51
      42
      32
      33
      36
      23
      18
      27
      18
      16
      20
      23
      29
      19
      20
      18
      11
      17
      19
      16
      12
      11
      21
      24
      13
      15
      19
      13
      23
       9
      25
      19
      19
      17
      15
      15
      21
       7
      16
      16
      16
      18
      15
      13
      22
      10
      23
      15
      13
      11
      13
      12
      17
      18
      13
      19
      15
      12
      17
      24
      17
      14
      24
      24
      14
      20
      16
      31
      18
      28
      28
      28
      12
      26
      22
      21
      16
      22
      19
      24
      18
      17
      28
      16
      18
      26
      30
      22
      13
      16
      22
      16
      15
      23
      27
      20
      31
      24
      25
      29
      22
      17
      27
      21
      24
      30
      21
      33
      22
      24
      29
      42
      34
      29
      29
      30
      36
      33
      41
      42
      33
      38
      48
      40
      44
      53
      41
      46
      48
      43
      51
      55
      42
      42
      46
      48
      34
      43
      37
      33
      36
      34
      28
      36
      24
      31
      20
      23
      20
      27
      14
      15
      17
      17
      12
      14
      12
      14
       9
      14
       6
       8
       7
       6
       6
       8
       3
       3
       5
      10
       4
       3
       4
       7
       4
       4
       1
       2
       8
       4
       2
       4
       3
       2
       2
       7
       4
       3
       2
       2
       4
       1
       6
       0
       1
       1
       0
       1
       0
       1
       0
       0
       3
       0
       0
       1
       0
       3
       1
       2
       1
       1
       1
       0
       2
       2
       1
       1
       0
       2
       0
       1
       0
       0
       2
       1
       1
       0
       1
       3
       0
       0
       0
       1
       1
       1
       1
       1
       0
       0
       0
       0
       1
       1
       1
       2
       0
       0
       0
       0
       0
       0
       0
       0
       2
       0
       1
       0
       3
       1
       1
       0
       0
       0
       0
       0
       0
       1
       1
       0
       0
       0
       0
       0
       0
       0
       0
       1
       0
       0
       0
       0
       0
       0
       0
       1
       0
       0
       0
       0
       1
       0
       0
       0
       0
       1
       0
       0
       0
       0
       0
       0
       1
       0
       1
       0
       1
       0
       0
       0
       0
       0
       0
       0
       0
       1
       1
       0
       0
       0
       0
       0
       0
       0
       0
       0
       0
       0
       0
       0
       0
       0
       0
       0
       0
       0
       0
       0
       0
       0
       0
       0
       0
       0
       0
       0
       1
       0
       0
       0
       0
       0
       1
       0
       0
       0
       0
       0
       0
       0
       0
       0
       0
       1
       0
       0
       0
       0
       0
       0
       0
       0
       0
       0
       0
       0
       0
       0
       0
       0
       0
       0
       0
       0
       0
       0
       1
       0
       0
       0
       0
       0
       0
       1
       0
       0
       0
       0
       0
       0
       0
       0
       0
       0
       0
       0
       0
       0
       0
       0
       0
       0
       0
       0
       0
       0
       0
       0
       0
       0
       0
       0
       0
       1
       0
       0
       0
       0
       0
       0
       1
       0
       0
       0
       0
       0
       0
       0
       0
       0
       0
       0
       0
       0
       0
       0
       0
       0
       0
       0
       0
       0
       0
       0
       1
       0
       0
       0
       0
       0
       0
       0
       0
       0
       0
       0
       0
       0
       0
       0
       1
       0
       0
       0
       0
       0
       0
       0
       0
       0
       0
       0
       0
       0
       0
       0
       0
       0
       0
       0
       0
       0
       0
       0
       0
       0
       0
       0
       0
       0
       0
       0
       0
       1
       0
       0
       0
       0
       0
       1
       0
       0
       0
       0
       0
       0
       0
       0
       0
       0
       0
       0
       0
       0
       0
       0
       0
       0
       0
       0
       0
       0
       0
       0
       0
       0
       0
       0
       0
       0
       0
       0
       0
       1
       0
       0
       0
       0
       0
       0
       0
       0
       0
       0
       0
       0
       0
       0
       0
       0
       0
       0
       0
       0
       0
       0
       0
       0
       0
       0
       0
       0
       0
       0
       0
       0
       0
       0
       0
       0
       0
       0
       0
       0
       0
       0
       0
       0
       0
       0
       0
       0
       0
       0
       0
       0
       0
       0
       0
       0
       0
       0
       0
       0
       0
       0
       0
       0
       0
       0
       0
       0
       0
       0
       0
       0
       0
       0
       0
       0
       0
       0
       0
$ROI:
1
148 206
$PRESETS:
Live Time
5400
0
$ENER_FIT:
-25.851200 3.073140
$MCA_CAL:
3
-2.585120E+001 3.073140E+000 0.000000E+000 keV
$SHAPE_CAL:
3
5.542020E+000 5.415930E-002 0.000000E+000
