$SPEC_ID:
No sample description was entered.
$SPEC_REM:
DET# 1
DETDESC# SRLAB4 MCB 131 Input 1
AP# GammaVision Version 8.10.02
$DATE_MEA:
09/11/2026 12:28:52
$MEAS_TIM:
5400.00 5418.38
$DATA:
0 1023
       0
       0
       0
    5431
    3196
    3289
    3471
    3354
    3464
    3723
    4086
    4576
    4588
    4221
    4182
    4221
    4366
    4584
    5007
    5222
    6081
    6568
    7549
    8416
    8830
    9454
    9878
   10994
   11963
   12825
   14078
   15065
   15916
   16667
   16789
   16410
   15660
   15793
   15449
   15526
   15379
   15588
   16077
   15640
   16029
   15874
   16244
   15952
   16070
   16298
   16055
   15893
   15624
   15830
   15401
   15400
   14947
   14985
   14975
   15142
   15108
   15081
   15476
   15218
   15244
   14773
   13971
   13358
   12941
   12090
   11506
   11199
   10623
   10439
   10089
   10324
    9596
    9653
    9660
    9385
    9181
    9198
    9067
    8869
    8668
    8404
    8125
    7882
    7864
    7573
    7534
    7350
    7170
    7088
    7033
    6849
    6938
    6833
    6592
    6529
    6372
    6204
    6079
    5877
    5650
    5665
    5513
    5390
    5390
    5231
    5132
    5319
    5194
    5190
    5087
    5243
    5059
    5136
    4947
    4861
    4713
    4707
    4413
    4322
    4057
    3878
    3781
    3541
    3519
    3296
    3194
    3078
    3012
    3062
    2899
    2906
    2849
    2929
    2798
    2784
    2725
    2607
    2635
    2489
    2484
    2525
    2386
    2361
    2294
    2333
    2290
    2354
    2341
    2293
    2377
    2429
    2485
    2615
    2676
    2787
    2944
    3212
    3403
    3666
    3822
    4077
    4305
    4547
    4416
    4736
    4607
    4407
    4396
    4237
    4069
    3745
    3478
    3284
    3016
    2619
    2562
    2324
    2047
    2088
    2067
    1923
    1854
    1852
    1818
    1899
    1863
    1919
    1868
    1933
    1941
    1954
    2026
    2025
    2004
    1941
    2007
    1907
    2009
    1868
    1783
    1808
    1679
    1603
    1566
    1486
    1409
    1342
    1371
    1256
    1231
    1243
    1142
    1127
    1109
    1051
    1136
    1116
    1065
    1085
    1064
    1031
    1011
    1106
    1078
    1035
     981
    1025
    1057
    1030
    1035
     990
    1057
    1103
    1040
    1008
    1019
    1012
    1039
     988
    1072
    1074
    1031
    1013
    1124
    1063
    1026
    1106
     986
     947
     960
     896
     940
     959
     878
     895
     904
     899
     893
     818
     968
     947
     876
     963
     988
    1000
     967
     985
     998
    1034
    1021
    1015
    1079
    1091
    1134
    1147
    1194
    1153
    1142
    1259
    1276
    1344
    1303
    1349
    1406
    1451
    1515
    1535
    1492
    1576
    1681
    1726
    1685
    1735
    1607
    1596
    1677
    1596
    1617
    1659
    1727
    1655
    1773
    1754
    1859
    1781
    1860
    1833
    1878
    1846
    1923
    1941
    2079
    2160
    2375
    2547
    2846
    3136
    3629
    3982
    4390
    4595
    4687
    4693
    4352
    3917
    3309
    2681
    2130
    1538
    1184
     846
     612
     469
     439
     387
     360
     345
     300
     308
     303
     294
     302
     308
     308
     277
     274
     306
     318
     297
     292
     265
     263
     261
     240
     254
     213
     201
     238
     230
     200
     198
     169
     156
     180
     167
     145
     164
     134
     134
     152
     131
     122
     122
     130
     138
     138
     125
     114
     140
     136
     128
     142
     119
     127
     105
     121
     113
      99
     117
      87
      89
      78
      83
      86
      69
      60
      52
      46
      34
      32
      35
      36
      24
      25
      24
      23
      22
      14
      16
      20
      18
      16
      20
      13
      10
      13
      22
      15
      14
      17
      19
      12
      11
      17
      20
       7
      19
      17
      20
      18
      13
      28
      18
      16
      26
      20
      19
      15
      15
      13
      15
      13
      22
      14
      21
      18
      21
      15
      24
      23
      21
      23
      20
      11
      19
      18
      26
      11
      22
      19
      15
      24
      15
      17
      19
      29
      21
      15
      23
      21
      16
      20
      25
      22
      26
      27
      24
      27
      22
      27
      26
      22
      16
      26
      23
      19
      19
      22
      25
      27
      20
      18
      26
      19
      24
      19
      23
      24
      18
      16
      23
      24
      29
      36
      22
      25
      24
      24
      34
      29
      22
      25
      36
      36
      29
      42
      37
      48
      33
      44
      38
      48
      35
      39
      47
      49
      51
      54
      52
      44
      37
      54
      47
      47
      45
      42
      37
      41
      40
      32
      41
      33
      24
      34
      20
      13
      19
      21
      25
      18
      16
      19
      15
      11
      10
      15
      17
      12
      12
       9
       5
      11
       6
       4
       7
       9
       3
      10
       5
       7
       4
       5
       4
       2
       2
       3
       2
       2
       4
       2
       3
       3
       2
       2
       4
       3
       2
       4
       2
       2
       2
       3
       3
       2
       4
       0
       3
       0
       1
       2
       1
       3
       0
       3
       0
       3
       1
       3
       0
       1
       0
       3
       2
       0
       0
       1
       1
       1
       1
       1
       0
       2
       0
       3
       2
       0
       1
       2
       2
       0
       0
       1
       2
       1
       0
       0
       0
       1
       0
       0
       0
       1
       1
       0
       1
       0
       0
       0
       0
       1
       0
       0
       1
       0
       0
       0
       1
       1
       0
       1
       0
       1
       1
       0
       0
       0
       0
       0
       0
       2
       0
       0
       1
       0
       1
       0
       0
       0
       1
       0
       0
       0
       0
       1
       0
       0
       0
       0
       0
       0
       0
       0
       0
       0
       0
       0
       0
       0
       0
       0
       0
       0
       0
       0
       0
       0
       0
       1
       0
       0
       0
       1
       0
       0
       0
       0
       0
       0
       0
       0
       1
       0
       0
       0
       0
       0
       0
       0
       0
       0
       0
       0
       0
       0
       0
       0
       0
       0
       0
       1
       0
       0
       0
       0
       0
       0
       0
       0
       0
       0
       0
       0
       0
       0
       0
       0
       0
       0
       0
       1
       0
       0
       0
       0
       0
       0
       0
       0
       0
       0
       0
       0
       0
       0
       0
       0
       0
       0
       0
       0
       0
       0
       0
       0
       0
       0
       0
       0
       0
       0
       0
       0
       0
       0
       1
       1
       0
       0
       0
       0
       0
       0
       0
       0
       0
       0
       0
       0
       0
       0
       0
       0
       0
       0
       0
       0
       0
       0
       0
       0
       0
       0
       0
       0
       0
       0
       0
       0
       0
       0
       0
       0
       0
       0
       0
       0
       0
       0
       0
       0
       0
       0
       0
       0
       0
       0
       0
       0
       0
       0
       0
       0
       0
       0
       1
       0
       0
       0
       0
       0
       0
       0
       0
       0
       0
       0
       0
       0
       0
       0
       0
       0
       0
       0
       0
       0
       0
       0
       0
       1
       0
       0
       0
       0
       0
       0
       0
       0
       0
       0
       0
       0
       0
       0
       0
       0
       0
       0
       0
       0
       0
       0
       0
       0
       0
       0
       0
       0
       0
       0
       0
       0
       0
       0
       0
       0
       0
       0
       0
       0
       0
       0
       0
       0
       0
       0
       0
       0
       0
       0
       0
       0
       0
       1
       0
       0
       0
       0
       0
       0
       0
       0
       0
       0
       0
       0
       0
       0
       0
       0
       0
       0
       0
       0
       0
       0
       0
       0
       0
       0
       0
       0
       0
       0
       0
       0
       0
       0
       0
       0
       0
       0
       0
       0
       0
       0
       0
       0
       0
       0
       0
       0
       0
       0
       0
       0
       0
       0
       0
       0
       0
       0
       0
       0
       0
       0
       0
       0
       0
       0
       0
       1
       0
       0
       0
       0
       0
       0
       0
       0
       0
       0
       0
       0
       0
       0
       0
       0
       0
$ROI:
1
148 206
$PRESETS:
Live Time
5400
0
$ENER_FIT:
-25.851200 3.073140
$MCA_CAL:
3
-2.585120E+001 3.073140E+000 0.000000E+000 keV
$SHAPE_CAL:
3
5.542020E+000 5.415930E-002 0.000000E+000
