$SPEC_ID:
No sample description was entered.
$SPEC_REM:
DET# 1
DETDESC# SRLAB4 MCB 131 Input 1
AP# GammaVision Version 8.10.02
$DATE_MEA:
09/11/2026 00:26:18
$MEAS_TIM:
5400.00 5419.36
$DATA:
0 1023
       0
       0
       3
    5644
    3484
    3530
    3600
    3717
    3696
    3952
    4398
    4556
    4808
    4512
    4552
    4445
    4672
    4821
    5268
    5525
    6093
    6889
    7865
    8644
    9101
    9539
   10198
   10971
   12068
   13130
   14053
   15246
   16359
   16969
   16992
   16853
   16375
   16065
   15675
   15465
   15774
   15899
   15862
   16128
   16233
   16186
   16287
   16438
   16669
   16359
   16411
   16140
   16090
   15978
   15610
   15711
   15271
   15534
   15468
   15767
   15386
   15635
   15961
   15411
   15408
   14959
   14407
   13947
   13219
   12407
   11788
   11467
   11183
   11066
   10602
   10411
   10222
   10159
    9859
    9685
    9715
    9488
    9436
    9055
    8941
    8741
    8618
    8254
    8132
    7843
    7781
    7661
    7427
    7502
    7231
    7287
    7174
    7075
    7066
    6849
    6771
    6515
    6381
    6373
    6301
    6005
    5985
    5695
    5618
    5657
    5596
    5525
    5447
    5339
    5375
    5505
    5268
    5303
    5294
    5059
    4880
    4736
    4555
    4420
    4153
    4086
    3809
    3645
    3589
    3574
    3356
    3300
    3217
    3107
    3157
    2975
    2919
    2927
    2865
    2718
    2845
    2804
    2710
    2689
    2528
    2596
    2545
    2527
    2543
    2441
    2488
    2431
    2446
    2513
    2601
    2694
    2930
    3013
    3149
    3567
    3761
    4277
    4568
    4966
    5469
    5937
    6153
    6528
    6735
    7025
    7054
    7048
    6780
    6494
    6283
    5775
    5239
    4722
    4275
    3867
    3402
    2991
    2770
    2530
    2277
    2156
    2071
    1977
    1918
    1852
    1984
    1818
    2038
    1859
    2084
    1968
    1975
    2020
    1965
    1993
    2038
    1997
    1980
    2024
    1795
    1897
    1732
    1660
    1608
    1525
    1435
    1370
    1394
    1281
    1297
    1252
    1225
    1163
    1155
    1147
    1122
    1168
    1140
    1097
    1094
    1037
    1090
    1058
    1091
    1058
    1119
    1036
    1032
    1096
    1025
    1129
    1060
    1089
    1068
    1043
    1122
    1045
    1034
    1077
    1073
    1065
    1050
     995
    1072
    1044
    1024
    1047
     946
    1009
     876
     976
     958
     895
     934
     952
     925
     917
     920
     888
     944
     980
     975
     958
     996
     932
     993
     971
    1067
    1020
    1107
    1011
    1088
    1097
    1121
    1157
    1125
    1158
    1246
    1290
    1281
    1417
    1378
    1419
    1428
    1463
    1554
    1545
    1609
    1622
    1645
    1711
    1785
    1720
    1661
    1686
    1647
    1682
    1658
    1682
    1710
    1715
    1773
    1730
    1850
    1774
    1895
    1905
    1878
    1992
    1958
    2054
    2179
    2401
    2599
    2931
    3295
    3622
    4132
    4334
    4652
    4970
    4817
    4431
    3954
    3430
    2923
    2096
    1622
    1229
     900
     607
     500
     439
     394
     328
     318
     309
     338
     306
     311
     338
     321
     278
     289
     303
     277
     314
     289
     305
     280
     261
     278
     267
     262
     236
     252
     252
     224
     215
     183
     191
     187
     157
     143
     141
     155
     150
     165
     139
     144
     141
     134
     142
     138
     143
     126
     135
     111
     124
     126
     109
     120
     119
     121
     102
     107
     106
     114
      90
      98
      79
      60
      65
      57
      72
      53
      39
      34
      33
      28
      23
      33
      26
      34
      30
      16
      18
      23
      15
      22
      20
      18
      10
      16
      20
      13
      25
      19
      13
      13
      21
      22
      18
      17
      14
      17
      10
      11
      18
      16
      16
      15
      20
      20
      17
      21
      22
      14
      21
      18
      18
      17
      23
      16
      26
      20
      13
      23
      27
      19
      22
      23
      20
      16
      18
      17
      20
      20
      25
      17
      24
      25
      18
      26
      21
      22
      25
      19
      21
      26
      20
      26
      17
      23
      25
      21
      14
      16
      17
      32
      20
      25
      20
      21
      27
      20
      23
      21
      23
      26
      19
      23
      32
      19
      27
      27
      22
      20
      29
      29
      26
      29
      33
      29
      29
      31
      33
      37
      21
      27
      30
      37
      27
      48
      36
      33
      42
      40
      57
      38
      47
      47
      50
      41
      55
      49
      48
      47
      43
      31
      53
      43
      54
      39
      39
      29
      30
      29
      39
      29
      23
      27
      22
      32
      13
      21
      18
      24
      17
      13
      11
      17
      13
       6
      11
      11
      12
      14
       5
       6
       8
       7
       4
       6
       6
       1
       7
       1
       6
       1
       3
       4
       6
       5
       2
       5
       4
       1
       2
       1
       3
       2
       4
       2
       1
       2
       1
       2
       1
       0
       1
       2
       1
       2
       0
       1
       2
       2
       2
       0
       0
       1
       0
       1
       1
       1
       4
       1
       0
       0
       1
       1
       5
       2
       0
       0
       2
       1
       0
       3
       0
       1
       1
       1
       0
       1
       3
       0
       0
       1
       1
       0
       1
       0
       1
       2
       0
       1
       1
       2
       1
       1
       0
       0
       0
       0
       1
       1
       0
       0
       0
       0
       2
       2
       0
       0
       1
       0
       0
       1
       1
       0
       1
       0
       0
       0
       0
       0
       0
       0
       0
       0
       0
       1
       0
       0
       0
       0
       0
       0
       0
       0
       0
       0
       0
       0
       0
       1
       0
       0
       0
       0
       0
       0
       0
       0
       0
       0
       1
       0
       1
       1
       0
       0
       0
       0
       0
       0
       0
       0
       0
       0
       0
       0
       0
       0
       0
       1
       1
       0
       0
       0
       0
       0
       0
       1
       0
       0
       0
       0
       0
       0
       0
       1
       0
       0
       0
       0
       0
       0
       0
       0
       0
       0
       1
       0
       0
       0
       0
       0
       0
       0
       0
       0
       0
       0
       0
       0
       0
       0
       0
       0
       0
       0
       0
       1
       0
       0
       0
       0
       0
       0
       0
       0
       0
       0
       0
       0
       0
       0
       0
       0
       0
       0
       0
       0
       1
       1
       0
       0
       0
       0
       0
       0
       0
       0
       0
       0
       0
       0
       0
       0
       0
       0
       0
       0
       0
       0
       0
       1
       0
       0
       0
       0
       0
       0
       0
       0
       0
       0
       0
       0
       0
       0
       0
       0
       0
       0
       0
       0
       1
       0
       0
       0
       0
       0
       0
       0
       1
       0
       0
       0
       0
       0
       0
       0
       0
       0
       0
       0
       0
       0
       0
       0
       0
       0
       0
       0
       0
       0
       0
       1
       0
       0
       0
       0
       0
       0
       0
       0
       0
       0
       0
       0
       0
       0
       0
       0
       0
       0
       0
       0
       0
       0
       0
       0
       0
       0
       0
       0
       0
       0
       0
       0
       0
       0
       0
       0
       0
       0
       0
       0
       0
       0
       0
       0
       0
       0
       0
       0
       0
       0
       0
       0
       0
       0
       0
       0
       0
       0
       0
       0
       0
       0
       0
       0
       0
       0
       0
       0
       0
       0
       0
       0
       0
       1
       0
       0
       0
       0
       0
       0
       0
       0
       0
       0
       0
       0
       0
       0
       0
       0
       0
       0
       0
       0
       0
       0
       0
       0
       0
       0
       0
       0
       0
       0
       0
       0
       0
       0
       0
       0
       0
       0
       0
       0
       0
       0
       0
       0
       0
       0
       0
       1
       0
       0
       0
       0
       0
       0
       0
       0
       0
       0
       0
       0
       0
       0
       0
       0
       0
       0
       0
       0
       0
       0
       0
       0
       0
       0
       0
       0
       0
       0
       0
       0
       0
       0
       0
$ROI:
1
148 206
$PRESETS:
Live Time
5400
0
$ENER_FIT:
-25.851200 3.073140
$MCA_CAL:
3
-2.585120E+001 3.073140E+000 0.000000E+000 keV
$SHAPE_CAL:
3
5.542020E+000 5.415930E-002 0.000000E+000
