$SPEC_ID:
No sample description was entered.
$SPEC_REM:
DET# 1
DETDESC# SRLAB4 MCB 131 Input 1
AP# GammaVision Version 8.10.02
$DATE_MEA:
09/11/2026 03:26:58
$MEAS_TIM:
5400.00 5419.08
$DATA:
0 1023
       0
       0
       0
    5485
    3299
    3486
    3470
    3552
    3668
    3898
    4444
    4752
    4783
    4561
    4284
    4330
    4570
    4752
    5009
    5485
    6167
    6746
    7636
    8282
    9005
    9643
   10129
   11027
   11932
   12993
   14004
   15325
   16035
   16898
   17084
   16793
   16282
   16067
   15721
   15797
   15731
   15965
   16057
   16263
   16256
   16288
   16350
   16543
   16213
   16358
   16126
   16233
   16087
   15835
   15449
   15565
   15592
   15231
   15484
   15358
   15527
   15552
   15690
   15837
   15385
   14638
   14400
   13680
   13033
   12455
   11967
   11608
   10995
   10524
   10554
   10147
   10145
   10097
    9876
    9642
    9369
    9383
    9295
    9168
    8880
    8747
    8303
    8132
    8094
    7920
    7744
    7438
    7495
    7375
    7325
    7175
    6983
    6882
    6744
    6751
    6491
    6456
    6396
    6141
    6162
    6050
    5721
    5678
    5532
    5458
    5313
    5373
    5304
    5388
    5045
    5172
    5125
    5206
    5174
    4937
    4723
    4716
    4486
    4332
    4168
    4108
    3786
    3613
    3566
    3396
    3329
    3302
    3061
    3081
    2957
    3043
    2980
    2872
    2800
    2752
    2822
    2662
    2684
    2575
    2593
    2581
    2464
    2567
    2526
    2491
    2446
    2424
    2464
    2551
    2582
    2614
    2721
    2904
    3090
    3370
    3640
    3831
    4330
    4697
    4943
    5471
    5691
    5975
    6069
    6258
    6444
    6184
    6204
    5787
    5514
    5041
    4668
    4234
    3833
    3440
    3017
    2734
    2579
    2349
    2207
    1998
    1982
    1913
    1813
    1917
    1882
    1967
    1924
    1987
    2002
    2028
    2048
    2028
    2049
    2000
    2050
    2001
    1911
    1960
    1804
    1767
    1756
    1656
    1491
    1525
    1421
    1403
    1363
    1247
    1261
    1244
    1215
    1155
    1130
    1166
    1103
    1144
    1070
    1105
    1037
    1062
    1109
    1028
    1078
    1008
    1012
    1097
     991
    1083
    1016
    1063
    1038
     982
    1084
    1057
    1081
    1081
    1033
    1082
    1064
    1077
    1112
    1088
    1040
    1017
    1069
     928
     984
     969
    1010
     971
     949
     924
     908
     917
     883
     950
     938
     962
     946
     924
    1016
     972
     992
    1008
    1021
     992
     981
    1063
    1082
    1060
    1070
    1038
    1149
    1111
    1169
    1191
    1217
    1299
    1326
    1333
    1373
    1422
    1391
    1537
    1506
    1597
    1602
    1655
    1713
    1655
    1704
    1677
    1666
    1691
    1589
    1711
    1737
    1667
    1776
    1750
    1829
    1854
    1886
    1845
    1819
    1871
    1888
    1951
    1992
    2113
    2146
    2296
    2562
    2791
    2946
    3468
    4038
    4292
    4527
    4748
    4647
    4449
    4089
    3692
    2883
    2261
    1779
    1278
     971
     778
     548
     428
     380
     335
     320
     327
     324
     339
     318
     318
     270
     301
     271
     299
     294
     295
     305
     285
     262
     287
     235
     231
     243
     251
     221
     218
     213
     188
     183
     194
     170
     169
     159
     151
     149
     133
     142
     137
     129
     145
     138
     128
     139
     126
     120
     123
     140
     124
     106
     118
     124
     136
     109
     126
     113
     107
      89
     106
     106
      96
      87
      75
      72
      52
      50
      63
      42
      42
      26
      38
      35
      30
      24
      24
      26
      24
      21
      20
      23
      23
      23
      16
      20
      12
      17
      21
      24
      14
      20
      16
      18
      21
      15
      23
      17
      11
      13
      11
      18
      19
      16
      16
      13
      19
      23
      18
      15
      14
      11
      20
      18
      16
      13
      14
      16
      20
      15
      14
      16
      15
      13
      18
      26
      23
      23
      16
      19
      27
      21
       9
      12
      21
      25
      12
      23
      14
      14
      27
      19
      19
      28
      19
      22
      23
      21
      24
      21
      26
      19
      22
      25
      25
      21
      29
      28
      29
      18
      27
      18
      25
      22
      30
      27
      34
      21
      26
      29
      26
      23
      26
      21
      27
      29
      25
      29
      37
      27
      26
      29
      44
      31
      32
      33
      36
      45
      38
      50
      44
      41
      41
      44
      43
      40
      52
      47
      50
      43
      37
      48
      51
      40
      43
      41
      50
      31
      34
      37
      26
      24
      31
      25
      21
      19
      17
      27
      22
      24
      20
       8
      17
      20
       8
      16
       9
      10
       9
      13
      11
       5
       9
       8
       9
       5
       4
       9
       8
       5
       2
       1
       5
       0
       1
       6
       4
       3
       6
       4
       3
       2
       5
       2
       6
       2
       1
       3
       5
       6
       1
       4
       2
       3
       2
       1
       2
       2
       4
       0
       1
       1
       3
       1
       2
       0
       1
       0
       0
       1
       0
       0
       4
       1
       1
       0
       0
       1
       2
       2
       1
       1
       1
       2
       1
       0
       0
       0
       1
       0
       0
       0
       1
       0
       0
       0
       0
       0
       0
       0
       1
       1
       0
       0
       0
       0
       1
       0
       1
       0
       0
       1
       0
       0
       0
       0
       0
       1
       0
       1
       0
       0
       0
       1
       0
       0
       1
       0
       1
       0
       1
       0
       1
       0
       0
       0
       0
       2
       1
       0
       0
       0
       0
       0
       0
       0
       0
       0
       0
       2
       1
       1
       0
       0
       0
       0
       0
       1
       0
       0
       0
       0
       1
       0
       0
       1
       0
       0
       0
       1
       0
       0
       0
       0
       0
       0
       0
       0
       0
       0
       0
       0
       0
       0
       0
       0
       0
       0
       0
       0
       0
       0
       0
       0
       0
       0
       1
       0
       0
       0
       0
       0
       0
       0
       0
       0
       0
       0
       0
       0
       0
       0
       0
       0
       0
       0
       1
       0
       0
       0
       0
       0
       0
       0
       0
       0
       0
       0
       0
       0
       0
       0
       0
       0
       0
       0
       0
       1
       0
       0
       0
       0
       0
       0
       0
       0
       0
       0
       0
       0
       0
       0
       0
       0
       0
       0
       0
       0
       0
       0
       0
       0
       0
       0
       0
       0
       0
       0
       0
       0
       0
       0
       0
       0
       0
       0
       0
       0
       0
       0
       0
       1
       0
       0
       0
       0
       0
       0
       0
       0
       0
       0
       0
       0
       0
       0
       1
       0
       0
       0
       0
       0
       0
       0
       0
       0
       0
       0
       0
       0
       0
       0
       0
       0
       0
       0
       0
       0
       0
       0
       0
       0
       0
       0
       0
       0
       0
       0
       0
       0
       0
       0
       0
       0
       0
       0
       0
       0
       0
       0
       0
       0
       0
       0
       0
       0
       0
       0
       0
       0
       0
       0
       0
       0
       0
       0
       0
       0
       0
       0
       0
       0
       0
       0
       0
       0
       0
       0
       0
       0
       0
       0
       0
       0
       0
       0
       0
       0
       0
       0
       0
       0
       0
       0
       0
       0
       0
       0
       0
       0
       0
       0
       0
       0
       0
       0
       0
       0
       0
       0
       0
       0
       0
       0
       0
       0
       0
       0
       0
       0
       0
       1
       0
       0
       0
       0
       0
       0
       0
       0
       0
       0
       0
       0
       0
       0
       0
       0
       0
       0
       0
       0
       0
       0
       0
       0
       0
       0
       0
       0
       0
       0
       0
       0
       1
       0
       0
       0
       0
       0
       0
       0
       0
       0
       0
       0
       0
       0
       0
       0
       0
       0
       0
       0
       0
       0
       0
       0
       0
       0
       0
       0
       0
       0
       0
       0
       0
       0
       0
       0
       0
$ROI:
1
148 206
$PRESETS:
Live Time
5400
0
$ENER_FIT:
-25.851200 3.073140
$MCA_CAL:
3
-2.585120E+001 3.073140E+000 0.000000E+000 keV
$SHAPE_CAL:
3
5.542020E+000 5.415930E-002 0.000000E+000
