$SPEC_ID:
No sample description was entered.
$SPEC_REM:
DET# 1
DETDESC# SRLAB4 MCB 131 Input 1
AP# GammaVision Version 8.10.02
$DATE_MEA:
09/10/2026 22:55:59
$MEAS_TIM:
5400.00 5419.56
$DATA:
0 1023
       0
       0
       0
    5672
    3471
    3550
    3469
    3696
    3723
    3855
    4474
    4976
    4830
    4631
    4332
    4488
    4510
    5019
    5270
    5780
    6097
    6879
    7855
    8672
    9290
    9612
   10475
   11078
   11819
   12953
   14136
   15230
   16037
   16995
   17028
   16788
   16432
   15836
   15812
   15865
   15899
   15873
   16308
   16164
   16356
   16350
   16327
   16391
   16635
   16495
   16562
   16436
   16059
   16021
   15656
   15921
   15625
   15568
   15660
   15774
   15559
   15781
   15793
   15665
   15450
   15081
   14662
   14086
   13296
   12643
   12066
   11786
   11148
   10861
   10723
   10559
   10205
   10077
    9902
    9849
    9908
    9516
    9407
    9181
    8925
    8776
    8590
    8367
    8235
    8182
    7995
    7632
    7666
    7312
    7400
    7212
    7264
    7116
    7117
    6922
    6752
    6487
    6633
    6263
    6191
    6000
    5898
    5800
    5804
    5613
    5472
    5554
    5466
    5465
    5491
    5356
    5367
    5252
    5161
    5097
    4840
    4842
    4640
    4412
    4261
    4154
    3924
    3885
    3517
    3455
    3390
    3299
    3285
    3158
    3175
    3056
    3057
    2874
    2906
    2884
    2714
    2827
    2681
    2629
    2603
    2558
    2516
    2571
    2572
    2449
    2518
    2492
    2575
    2502
    2630
    2766
    2816
    3003
    3296
    3568
    3863
    4395
    4743
    5220
    5673
    6107
    6441
    7073
    7265
    7491
    7517
    7433
    7147
    7031
    6687
    6127
    5576
    5023
    4528
    4130
    3673
    3211
    2919
    2604
    2381
    2217
    2023
    2012
    1888
    1926
    1868
    1882
    1961
    1967
    1933
    2039
    2103
    2092
    1978
    2054
    2064
    2053
    1981
    1911
    1856
    1839
    1802
    1669
    1641
    1535
    1507
    1443
    1387
    1375
    1336
    1251
    1211
    1240
    1176
    1196
    1101
    1091
    1099
    1162
    1047
    1140
    1087
    1072
    1138
    1053
    1093
    1057
    1083
    1027
    1084
    1044
    1069
    1050
    1078
    1061
    1061
    1087
    1056
    1087
    1071
    1052
    1082
    1075
    1044
    1066
    1092
    1048
     946
     994
    1011
     944
     999
     955
     896
     992
     959
     919
     923
     902
     920
     966
     970
     970
     950
    1037
    1038
    1024
    1025
    1087
    1076
    1061
    1128
    1117
    1149
    1120
    1224
    1273
    1248
    1277
    1320
    1324
    1392
    1388
    1395
    1457
    1508
    1589
    1661
    1755
    1752
    1729
    1743
    1726
    1678
    1655
    1603
    1682
    1659
    1738
    1712
    1805
    1839
    1866
    1831
    1884
    1856
    1929
    1964
    1934
    1971
    2042
    2220
    2325
    2590
    2909
    3425
    3686
    4060
    4420
    4703
    4833
    4699
    4361
    3802
    3311
    2648
    2079
    1575
    1078
     850
     634
     518
     406
     357
     366
     315
     316
     301
     280
     324
     302
     324
     274
     320
     290
     282
     293
     301
     289
     304
     289
     259
     285
     247
     258
     222
     210
     222
     216
     160
     203
     170
     168
     162
     152
     140
     137
     163
     143
     133
     117
     130
     148
     118
     128
     129
     128
     137
     131
     113
     120
     132
     113
     130
     106
     102
     106
      94
     100
      93
      81
      64
      63
      63
      55
      40
      32
      31
      39
      35
      32
      22
      24
      28
      20
      26
      26
      22
      15
      13
      22
      23
      26
      15
      16
      15
      15
      15
      15
      20
      19
      10
      21
      12
      21
       8
      12
      17
      17
      22
      15
      14
      12
      19
      16
       9
      20
      17
      15
      15
      22
      20
      12
      15
      15
      19
      16
      21
      17
      19
      10
      23
      19
      23
      21
      18
      24
      22
      24
      16
      12
      20
      16
      20
      22
      23
      19
      23
      14
      20
      14
      18
      25
      17
      16
      21
      23
      22
      21
      24
      18
      24
      27
      33
      18
      21
      21
      33
      29
      19
      21
      24
      23
      25
      29
      27
      17
      24
      20
      32
      21
      25
      37
      32
      26
      31
      29
      22
      31
      38
      30
      34
      41
      39
      45
      44
      41
      44
      51
      39
      30
      57
      41
      51
      47
      58
      52
      43
      44
      46
      42
      27
      40
      44
      39
      49
      38
      30
      30
      31
      20
      25
      24
      28
      14
      18
      17
      15
      13
      18
      11
      12
      13
      15
      11
       5
       4
      11
      11
       8
      10
       6
      11
       5
       7
       7
       3
       1
       3
       5
       3
       4
       3
       1
       3
       6
       4
       1
       5
       5
       7
       4
       3
       4
       3
       3
       2
       4
       2
       0
       5
       5
       2
       1
       2
       0
       1
       0
       1
       0
       1
       2
       3
       0
       3
       1
       2
       0
       2
       1
       2
       1
       0
       0
       0
       0
       0
       0
       0
       0
       1
       0
       1
       1
       0
       0
       0
       1
       0
       3
       0
       1
       0
       2
       1
       0
       1
       0
       0
       2
       0
       0
       1
       0
       0
       0
       0
       0
       0
       0
       0
       1
       0
       0
       0
       0
       0
       0
       0
       0
       0
       0
       0
       1
       0
       1
       0
       0
       0
       0
       0
       0
       1
       0
       1
       0
       0
       0
       0
       0
       1
       0
       0
       0
       0
       1
       0
       0
       0
       0
       0
       0
       0
       0
       0
       0
       0
       0
       0
       0
       0
       0
       0
       0
       0
       0
       0
       0
       0
       0
       0
       0
       0
       1
       1
       0
       0
       0
       0
       0
       0
       0
       0
       0
       0
       0
       0
       0
       0
       0
       0
       0
       0
       0
       1
       0
       0
       0
       0
       0
       0
       0
       0
       0
       0
       0
       0
       0
       0
       0
       1
       0
       0
       0
       0
       1
       0
       0
       1
       0
       1
       0
       0
       0
       0
       0
       0
       0
       0
       0
       0
       0
       0
       0
       0
       0
       0
       0
       0
       0
       0
       0
       0
       0
       0
       0
       0
       0
       0
       0
       0
       0
       0
       0
       0
       0
       1
       0
       1
       0
       0
       0
       0
       0
       0
       0
       0
       0
       0
       0
       0
       0
       0
       0
       0
       0
       0
       0
       0
       0
       0
       0
       0
       0
       0
       0
       0
       0
       0
       0
       0
       0
       0
       0
       0
       0
       0
       0
       0
       0
       0
       0
       0
       0
       0
       0
       0
       0
       0
       0
       0
       0
       0
       0
       0
       0
       0
       0
       0
       0
       0
       0
       0
       0
       0
       0
       0
       0
       0
       0
       0
       0
       0
       0
       0
       0
       0
       0
       0
       0
       0
       0
       1
       0
       0
       0
       0
       0
       0
       0
       0
       0
       0
       0
       0
       0
       0
       0
       0
       0
       0
       0
       0
       0
       0
       0
       0
       0
       0
       0
       0
       0
       1
       0
       0
       0
       0
       0
       0
       0
       0
       0
       0
       0
       0
       0
       0
       0
       0
       0
       0
       0
       0
       0
       0
       0
       0
       0
       0
       0
       1
       0
       0
       0
       0
       0
       0
       0
       0
       0
       0
       0
       0
       0
       0
       0
       0
       0
       0
       0
       0
       0
       0
       0
       0
       0
       0
       0
       0
       0
       0
       0
       0
       0
       0
       0
       0
       0
       0
       0
       0
       0
       0
       0
       0
       0
       0
       0
       0
       0
       0
       0
       0
       0
       0
       0
       0
       0
       0
       0
       0
       0
       0
       0
       0
       0
       0
       0
       0
       0
       0
       0
       0
       0
       0
       0
       0
       0
       0
$ROI:
1
148 206
$PRESETS:
Live Time
5400
0
$ENER_FIT:
-25.851200 3.073140
$MCA_CAL:
3
-2.585120E+001 3.073140E+000 0.000000E+000 keV
$SHAPE_CAL:
3
5.542020E+000 5.415930E-002 0.000000E+000
