$SPEC_ID:
No sample description was entered.
$SPEC_REM:
DET# 1
DETDESC# SRLAB4 MCB 131 Input 1
AP# GammaVision Version 8.10.02
$DATE_MEA:
09/11/2026 13:59:10
$MEAS_TIM:
5400.00 5418.28
$DATA:
0 1023
       0
       0
       1
    5312
    3218
    3153
    3329
    3327
    3376
    3689
    4150
    4487
    4542
    4304
    4228
    4131
    4239
    4468
    4885
    5260
    5966
    6654
    7488
    8303
    8692
    9541
   10100
   10957
   11830
   12941
   13976
   15165
   15748
   16695
   16761
   16491
   16093
   15617
   15497
   15503
   15611
   15724
   15804
   15867
   15873
   15988
   16173
   16243
   16046
   16067
   16011
   16001
   15840
   15670
   15214
   15014
   15331
   14963
   15142
   15141
   15242
   15158
   15541
   15325
   14913
   14446
   13977
   13087
   12627
   12051
   11659
   11178
   10828
   10370
   10379
   10062
    9698
    9536
    9658
    9381
    9119
    9034
    9157
    8691
    8587
    8456
    8081
    7891
    7972
    7647
    7629
    7330
    7237
    7215
    6918
    6921
    6838
    6559
    6624
    6317
    6364
    6138
    6048
    5752
    5791
    5613
    5561
    5341
    5235
    5229
    5277
    5221
    5117
    5268
    5026
    5087
    5024
    5006
    4862
    4828
    4641
    4406
    4406
    4173
    4000
    3891
    3628
    3403
    3345
    3376
    3227
    3140
    3152
    2860
    2933
    2835
    2791
    2839
    2652
    2603
    2655
    2624
    2502
    2583
    2433
    2437
    2368
    2376
    2370
    2368
    2400
    2323
    2316
    2320
    2279
    2524
    2423
    2543
    2620
    2803
    2969
    3062
    3271
    3417
    3691
    3858
    4030
    4217
    4332
    4414
    4441
    4267
    4228
    3968
    3904
    3539
    3352
    3061
    2981
    2676
    2478
    2254
    2170
    2025
    1923
    1868
    1844
    1820
    1865
    1861
    1869
    1872
    1894
    1961
    1970
    1950
    2030
    1957
    2065
    1890
    1962
    1940
    1942
    1836
    1814
    1732
    1680
    1665
    1545
    1546
    1478
    1364
    1342
    1265
    1261
    1194
    1167
    1111
    1083
    1099
    1105
    1075
    1092
    1129
    1065
    1034
    1056
    1094
    1033
    1059
    1052
     992
    1055
    1003
    1067
    1050
    1033
    1022
    1014
     976
    1031
    1054
    1085
     983
    1039
     997
    1034
    1052
     992
    1039
    1028
    1002
     974
     926
     973
     924
     931
     964
     893
     926
     954
     936
     932
     947
     910
     923
     891
    1024
     995
     939
     918
     982
     942
     981
    1018
    1058
    1071
    1053
    1161
    1161
    1223
    1172
    1221
    1247
    1292
    1303
    1393
    1432
    1357
    1419
    1474
    1528
    1564
    1607
    1670
    1705
    1711
    1714
    1642
    1623
    1727
    1606
    1590
    1639
    1717
    1696
    1804
    1788
    1802
    1796
    1845
    1831
    1893
    1879
    1886
    1936
    2035
    2204
    2419
    2739
    2885
    3215
    3699
    4095
    4385
    4559
    4527
    4515
    4266
    3812
    3247
    2562
    2048
    1512
    1167
     791
     686
     545
     423
     348
     316
     312
     286
     306
     295
     291
     308
     316
     298
     295
     285
     299
     322
     295
     299
     269
     252
     252
     269
     289
     241
     240
     204
     205
     207
     204
     169
     200
     167
     157
     159
     141
     137
     156
     149
     130
     150
     138
     143
     128
     125
     138
     150
     124
     128
     129
     119
     101
     109
     115
     131
     116
     108
      81
     109
      95
      97
      74
      59
      59
      57
      46
      43
      44
      38
      28
      27
      27
      30
      22
      23
      18
      20
      11
      18
      30
      27
      18
      14
      16
      17
      10
      15
      22
      18
      19
      18
      16
      14
      13
      18
      12
      21
      24
       8
      19
      13
      19
      21
      13
      11
      20
      19
      16
      10
      12
      21
      17
      26
      13
      14
      12
      23
      23
      28
      14
      18
      22
      17
      27
      18
      21
      23
      17
      15
      28
      26
      18
      18
      22
      22
      11
      19
      19
      20
      21
      14
      25
      17
      21
      25
      17
      27
      25
      30
      22
      21
      26
      18
      26
      24
      19
      23
      20
      21
      26
      23
      23
      33
      31
      31
      33
      25
      23
      25
      14
      21
      22
      23
      30
      26
      29
      26
      34
      36
      37
      22
      33
      41
      42
      35
      37
      36
      40
      49
      53
      49
      44
      44
      50
      55
      43
      44
      40
      57
      54
      37
      34
      44
      39
      43
      33
      33
      35
      41
      28
      38
      16
      22
      18
      27
      14
      17
      23
      16
      16
      14
      13
      13
      13
      14
       6
      13
       9
      11
      12
       8
       7
       5
       9
       7
       0
       5
       7
       4
       2
       4
       3
       4
       3
       5
       3
       1
       3
       5
       3
       1
       4
       0
       1
       0
       2
       3
       2
       5
       4
       0
       0
       1
       2
       1
       1
       2
       0
       2
       1
       2
       0
       1
       0
       3
       1
       2
       0
       1
       3
       1
       1
       0
       1
       0
       1
       0
       2
       0
       3
       0
       1
       0
       0
       3
       2
       0
       0
       0
       0
       0
       1
       0
       0
       0
       0
       2
       0
       1
       0
       1
       1
       1
       0
       0
       0
       0
       0
       1
       2
       0
       0
       0
       0
       0
       0
       0
       0
       0
       1
       0
       0
       0
       0
       0
       0
       1
       0
       0
       1
       0
       0
       0
       0
       0
       0
       0
       0
       1
       1
       1
       0
       0
       0
       0
       0
       1
       0
       0
       0
       1
       1
       1
       0
       0
       0
       0
       0
       0
       0
       0
       0
       1
       0
       0
       0
       0
       0
       0
       0
       0
       0
       0
       0
       0
       0
       0
       1
       0
       0
       0
       0
       0
       0
       0
       0
       0
       0
       0
       0
       1
       0
       0
       0
       0
       0
       0
       0
       0
       0
       0
       0
       0
       0
       0
       0
       0
       0
       1
       0
       0
       0
       1
       0
       0
       1
       0
       0
       0
       1
       0
       0
       0
       0
       0
       0
       0
       0
       0
       0
       0
       0
       0
       0
       0
       0
       0
       0
       0
       0
       0
       0
       0
       0
       0
       0
       0
       0
       0
       0
       0
       0
       0
       1
       0
       0
       0
       0
       0
       0
       0
       0
       0
       0
       0
       0
       0
       0
       0
       0
       0
       0
       0
       0
       0
       0
       0
       0
       0
       0
       0
       0
       0
       0
       0
       0
       0
       0
       0
       0
       0
       0
       0
       0
       0
       0
       0
       0
       0
       0
       0
       0
       0
       0
       0
       0
       0
       0
       0
       0
       0
       0
       1
       0
       0
       0
       0
       0
       0
       0
       0
       0
       0
       0
       0
       0
       0
       0
       0
       0
       0
       0
       0
       0
       0
       0
       0
       0
       0
       0
       0
       0
       0
       0
       0
       0
       0
       0
       0
       0
       0
       0
       0
       0
       0
       0
       0
       0
       0
       0
       0
       0
       0
       0
       0
       0
       0
       0
       1
       0
       0
       0
       0
       0
       0
       0
       0
       0
       0
       0
       0
       1
       0
       0
       0
       0
       0
       0
       0
       0
       0
       0
       0
       0
       0
       0
       0
       0
       0
       0
       0
       0
       0
       0
       0
       0
       0
       1
       0
       0
       0
       0
       0
       0
       0
       0
       0
       0
       0
       0
       0
       0
       0
       0
       0
       0
       0
       0
       0
       0
       0
       0
       0
       0
       0
       0
       0
       0
       0
       0
       0
       0
       0
       0
       0
       0
       0
       0
       0
       0
       0
       0
       0
       1
       0
       0
       0
       0
       0
       0
       0
       0
       0
       0
       0
       0
       0
       0
       0
       0
       0
       0
       0
       0
       0
       0
       0
       0
$ROI:
1
148 206
$PRESETS:
Live Time
5400
0
$ENER_FIT:
-25.851200 3.073140
$MCA_CAL:
3
-2.585120E+001 3.073140E+000 0.000000E+000 keV
$SHAPE_CAL:
3
5.542020E+000 5.415930E-002 0.000000E+000
