$SPEC_ID:
No sample description was entered.
$SPEC_REM:
DET# 1
DETDESC# SRLAB4 MCB 131 Input 1
AP# GammaVision Version 8.10.02
$DATE_MEA:
09/10/2026 19:55:18
$MEAS_TIM:
5400.00 5419.98
$DATA:
0 1023
       0
       0
       1
    5859
    3583
    3610
    3774
    3816
    3769
    4090
    4421
    4786
    5001
    4723
    4531
    4576
    4762
    5029
    5271
    5752
    6281
    6931
    7715
    8635
    9277
    9819
   10381
   11125
   11990
   12972
   14068
   15369
   16224
   17017
   17070
   17109
   16387
   16185
   15900
   15904
   16086
   16325
   16254
   16271
   16255
   16263
   16496
   16774
   16536
   16649
   16478
   16440
   16528
   16161
   15899
   15809
   15537
   15695
   15619
   15682
   15924
   15985
   15965
   15835
   15704
   15193
   14697
   14086
   13453
   12857
   12202
   11893
   11375
   10913
   10867
   10521
   10331
   10221
   10045
    9849
    9832
    9673
    9590
    9377
    9129
    8936
    8702
    8694
    8515
    8274
    8162
    7797
    7784
    7807
    7738
    7401
    7241
    7216
    7213
    7082
    6817
    6725
    6663
    6613
    6280
    6196
    6142
    5834
    5894
    5817
    5664
    5599
    5611
    5486
    5430
    5630
    5409
    5446
    5305
    5196
    5072
    4799
    4723
    4496
    4391
    4178
    4075
    3783
    3627
    3557
    3461
    3425
    3267
    3227
    3145
    3173
    3072
    2969
    2957
    2857
    2823
    2784
    2670
    2769
    2708
    2623
    2725
    2604
    2679
    2628
    2502
    2544
    2535
    2614
    2782
    2747
    2897
    3119
    3380
    3599
    3944
    4461
    4957
    5358
    6121
    6548
    6975
    7526
    8161
    8387
    8448
    8353
    8266
    8083
    7663
    7246
    6697
    6024
    5316
    4909
    4262
    3758
    3268
    2976
    2599
    2452
    2240
    2078
    2028
    1987
    1894
    1935
    1884
    1966
    1979
    1997
    2030
    2090
    2005
    2054
    1982
    2062
    2010
    1940
    1909
    1872
    1810
    1727
    1575
    1590
    1539
    1533
    1401
    1364
    1305
    1344
    1183
    1235
    1218
    1215
    1166
    1098
    1168
    1112
    1152
    1104
    1134
    1146
    1133
    1053
    1083
    1106
    1068
    1138
    1069
    1114
    1042
    1056
    1107
    1049
    1048
    1077
    1107
    1085
    1060
    1100
    1061
    1076
    1084
    1042
    1083
    1047
     990
    1094
     986
    1038
     910
    1001
     936
     939
     992
     939
     935
     999
     999
     990
     964
    1007
     997
    1044
    1049
    1061
    1036
    1035
    1035
    1082
    1043
    1171
    1118
    1135
    1228
    1242
    1201
    1278
    1351
    1300
    1338
    1368
    1468
    1519
    1530
    1642
    1577
    1715
    1782
    1783
    1773
    1714
    1685
    1625
    1738
    1714
    1704
    1672
    1678
    1809
    1815
    1863
    1869
    1910
    1956
    1937
    1981
    1951
    1979
    2167
    2200
    2460
    2538
    3073
    3295
    3876
    4208
    4595
    4863
    4934
    4707
    4305
    3795
    3190
    2509
    2033
    1494
    1158
     833
     600
     508
     400
     349
     310
     303
     334
     316
     317
     289
     282
     312
     304
     306
     301
     292
     302
     308
     286
     286
     312
     282
     283
     270
     284
     212
     227
     229
     207
     216
     185
     161
     159
     174
     164
     176
     159
     149
     139
     142
     128
     142
     140
     130
     146
     124
     122
     101
     124
     140
     111
     122
     126
     123
     132
     124
     112
     109
      96
      88
      83
      65
      72
      62
      71
      49
      38
      47
      34
      38
      36
      24
      25
      25
      26
      23
      28
      20
      14
      18
       9
      22
      19
      15
      18
      23
      15
      12
      19
       7
      15
      12
      14
      14
      14
      18
      13
      18
      25
      23
      16
      24
      19
      10
      20
      15
      18
      17
      21
      19
      13
      10
      17
      12
      19
      23
      21
      14
      23
      21
      15
      21
      14
      21
      17
      19
      22
      15
      11
      19
      16
      20
      27
      20
      24
      26
      22
      19
      17
      23
      23
      13
      28
      21
      24
      15
      18
      28
      26
      24
      22
      16
      31
      21
      20
      22
      17
      21
      10
      37
      24
      31
      17
      20
      20
      23
      15
      16
      27
      25
      24
      25
      26
      20
      24
      35
      40
      40
      26
      26
      34
      21
      36
      37
      35
      43
      28
      44
      39
      36
      46
      49
      56
      44
      40
      38
      50
      57
      43
      47
      38
      36
      53
      34
      46
      36
      28
      35
      35
      22
      34
      31
      33
      22
      28
      17
      24
       9
      15
      20
      11
      21
      14
      12
      14
       8
      12
       7
      11
       5
      13
       8
       3
       5
       7
       9
       5
       6
       4
       1
       6
       6
       3
       6
       6
       2
       4
       2
       6
       1
       3
       4
       0
       2
       2
       0
       6
       0
       0
       4
       1
       2
       3
       1
       1
       3
       2
       2
       0
       2
       1
       1
       0
       2
       0
       1
       4
       2
       1
       0
       1
       1
       1
       1
       1
       2
       1
       3
       0
       1
       1
       1
       0
       2
       1
       0
       1
       1
       2
       1
       0
       0
       0
       1
       0
       0
       0
       0
       0
       0
       2
       0
       1
       0
       0
       0
       1
       0
       0
       0
       0
       1
       0
       0
       0
       1
       0
       0
       0
       0
       0
       0
       1
       0
       1
       1
       0
       0
       0
       0
       0
       0
       0
       0
       1
       1
       0
       0
       1
       0
       1
       0
       0
       0
       0
       0
       0
       0
       0
       0
       1
       0
       0
       0
       0
       0
       0
       0
       0
       0
       0
       0
       1
       0
       0
       0
       0
       0
       0
       0
       0
       0
       0
       1
       0
       0
       1
       0
       0
       0
       0
       0
       0
       0
       0
       0
       0
       0
       0
       0
       0
       0
       1
       0
       0
       0
       0
       0
       0
       0
       0
       0
       0
       0
       0
       0
       0
       0
       0
       0
       0
       1
       0
       0
       0
       0
       0
       0
       0
       0
       0
       0
       0
       0
       1
       0
       0
       0
       0
       0
       0
       0
       0
       1
       0
       0
       0
       0
       0
       1
       0
       0
       0
       0
       0
       0
       0
       0
       0
       0
       0
       1
       0
       0
       0
       0
       0
       0
       0
       0
       0
       0
       0
       0
       0
       0
       0
       0
       0
       0
       0
       0
       0
       0
       0
       0
       0
       0
       0
       0
       1
       0
       0
       0
       0
       0
       0
       0
       0
       0
       0
       0
       0
       0
       0
       0
       0
       0
       0
       0
       0
       0
       0
       0
       0
       0
       0
       0
       0
       0
       0
       0
       0
       0
       0
       0
       0
       0
       0
       0
       0
       0
       0
       0
       0
       0
       0
       0
       0
       0
       0
       0
       0
       0
       1
       0
       0
       0
       0
       0
       0
       0
       0
       0
       0
       0
       0
       0
       0
       1
       0
       0
       0
       0
       0
       0
       0
       1
       0
       0
       0
       0
       0
       0
       0
       0
       0
       0
       0
       0
       0
       0
       0
       0
       0
       0
       0
       0
       0
       0
       0
       0
       0
       0
       0
       0
       0
       0
       0
       0
       0
       1
       0
       0
       0
       0
       0
       0
       0
       0
       1
       0
       0
       0
       0
       0
       0
       0
       0
       0
       0
       0
       0
       0
       0
       0
       0
       0
       0
       0
       0
       0
       0
       0
       0
       0
       0
       0
       0
       0
       0
       0
       0
       0
       0
       0
       1
       0
       0
       0
       0
       0
       0
       0
       0
       0
       0
       0
       0
       0
       0
       0
       0
       0
       0
       0
       0
       0
       0
       0
       0
       0
       0
       0
       0
       0
       0
       0
       0
       0
       0
       0
       0
       0
       0
       0
       0
       0
       0
$ROI:
1
148 206
$PRESETS:
Live Time
5400
0
$ENER_FIT:
-25.851200 3.073140
$MCA_CAL:
3
-2.585120E+001 3.073140E+000 0.000000E+000 keV
$SHAPE_CAL:
3
5.542020E+000 5.415930E-002 0.000000E+000
