$SPEC_ID:
No sample description was entered.
$SPEC_REM:
DET# 1
DETDESC# SRLAB4 MCB 131 Input 1
AP# GammaVision Version 8.10.02
$DATE_MEA:
09/10/2026 16:54:37
$MEAS_TIM:
5400.00 5420.46
$DATA:
0 1023
       0
       0
       2
    6053
    3640
    3741
    3739
    3794
    3895
    4173
    4531
    4936
    5117
    4791
    4685
    4597
    4857
    5113
    5250
    5694
    6368
    7038
    7807
    8438
    9064
    9730
   10276
   11118
   11817
   12938
   13907
   15100
   16172
   16644
   17099
   17068
   16704
   16399
   16014
   16031
   16078
   15904
   16130
   16331
   16318
   16399
   16469
   16744
   16520
   16702
   16753
   16747
   16491
   16396
   16101
   15965
   15776
   15772
   15643
   15667
   15753
   16050
   15974
   16225
   16029
   15410
   15210
   14430
   13932
   13331
   12640
   12094
   11897
   11381
   11096
   10695
   10468
   10335
   10274
   10202
   10016
    9681
    9805
    9620
    9533
    9114
    8939
    8880
    8462
    8451
    8194
    8211
    7998
    7953
    7841
    7564
    7317
    7591
    7108
    7258
    7132
    7074
    6893
    6731
    6451
    6334
    6394
    6178
    5872
    5927
    5733
    5747
    5717
    5676
    5611
    5663
    5589
    5479
    5428
    5240
    5156
    5113
    4860
    4553
    4601
    4332
    4210
    4107
    3816
    3720
    3632
    3562
    3442
    3402
    3376
    3170
    3221
    3177
    2988
    2970
    2949
    2959
    2875
    2714
    2686
    2697
    2738
    2641
    2637
    2635
    2673
    2674
    2661
    2607
    2668
    2749
    2882
    3085
    3221
    3512
    3830
    4266
    4763
    5464
    5843
    6656
    7243
    7914
    8568
    8837
    9527
    9548
    9453
    9412
    9234
    8804
    8308
    7566
    7012
    6269
    5567
    4872
    4278
    3554
    3215
    2959
    2641
    2369
    2197
    2102
    1945
    1938
    1939
    1980
    1982
    2051
    2039
    2035
    2045
    1998
    2024
    2045
    2007
    2012
    1916
    1942
    1862
    1836
    1712
    1638
    1603
    1574
    1524
    1446
    1364
    1415
    1303
    1295
    1183
    1190
    1200
    1277
    1102
    1165
    1161
    1153
    1122
    1145
    1183
    1110
    1120
    1087
    1123
    1127
    1103
    1101
    1089
    1159
    1140
    1113
    1068
    1132
    1092
    1122
    1077
    1167
    1068
    1034
    1090
    1091
    1036
    1068
    1021
     990
     978
     965
    1035
     997
     970
     944
     935
    1027
    1001
     981
     976
     996
     990
    1011
    1038
    1020
    1034
    1028
    1109
    1088
    1082
    1048
    1148
    1082
    1115
    1095
    1180
    1256
    1252
    1305
    1319
    1340
    1387
    1369
    1405
    1476
    1545
    1528
    1628
    1632
    1683
    1702
    1673
    1686
    1727
    1797
    1776
    1698
    1679
    1749
    1764
    1800
    1705
    1919
    1996
    1908
    1974
    1947
    1943
    2041
    2067
    2107
    2220
    2392
    2686
    3009
    3396
    3802
    4254
    4646
    4891
    4803
    4844
    4643
    3974
    3258
    2734
    2047
    1556
    1100
     847
     619
     463
     399
     373
     344
     317
     344
     311
     297
     329
     282
     281
     275
     284
     266
     282
     272
     301
     283
     280
     261
     270
     253
     226
     250
     243
     229
     225
     216
     182
     187
     204
     186
     151
     161
     144
     147
     124
     130
     131
     126
     137
     138
     139
     159
     133
     114
     119
     127
     125
     123
     121
     133
      98
     121
     117
     108
     115
      96
      97
      88
      85
      77
      65
      60
      53
      53
      37
      39
      43
      41
      29
      26
      17
      26
      16
      24
      19
      20
      24
      20
      22
      16
      20
      13
      15
      11
      15
      14
      17
      16
      15
      21
      12
      21
      21
      17
      12
      20
      16
       9
      11
      12
      15
      15
      17
      18
      19
      21
      14
      22
      26
      15
      17
      18
      19
      17
      16
      19
       7
      18
      19
      15
      19
      15
      15
      11
      16
      22
      27
      12
      15
      16
      17
      25
      19
      33
      18
      15
      16
      22
      19
      17
      17
      11
      21
      27
      22
      10
      23
      20
      13
      36
      30
      20
      25
      20
      25
      28
      27
      26
      33
      21
      19
      20
      14
      27
      24
      29
      31
      28
      30
      22
      31
      17
      26
      24
      31
      33
      27
      41
      28
      36
      26
      45
      44
      46
      41
      49
      38
      48
      42
      59
      52
      45
      59
      55
      35
      57
      48
      42
      44
      56
      39
      38
      50
      31
      43
      28
      34
      35
      28
      21
      27
      16
      20
      21
      19
      13
       9
      19
      15
       6
      12
      10
      19
       6
       6
      10
       9
       5
      11
       7
       7
       5
       8
       2
       4
       3
       3
       7
       5
       4
       5
       2
       4
       1
       2
       4
       2
       2
       3
       3
       3
       1
       2
       2
       0
       3
       4
       2
       1
       1
       1
       1
       2
       2
       6
       1
       1
       3
       1
       0
       1
       1
       3
       2
       1
       3
       0
       0
       1
       0
       1
       1
       1
       0
       0
       1
       1
       0
       0
       1
       1
       0
       1
       0
       0
       0
       2
       2
       0
       0
       0
       0
       1
       0
       0
       0
       0
       2
       0
       1
       0
       0
       1
       2
       0
       0
       0
       1
       0
       0
       0
       1
       0
       0
       1
       1
       0
       0
       0
       0
       1
       0
       0
       0
       0
       1
       0
       0
       1
       0
       1
       0
       0
       1
       0
       0
       0
       0
       0
       0
       0
       1
       1
       0
       0
       2
       1
       0
       1
       0
       0
       0
       0
       0
       0
       0
       0
       0
       0
       0
       0
       1
       0
       0
       0
       0
       0
       0
       0
       0
       0
       0
       0
       1
       0
       0
       0
       0
       0
       0
       1
       1
       0
       0
       0
       0
       0
       0
       0
       0
       0
       0
       0
       0
       0
       0
       0
       0
       0
       0
       0
       0
       0
       0
       0
       0
       0
       0
       0
       0
       0
       0
       0
       0
       0
       0
       0
       0
       0
       0
       0
       0
       0
       0
       0
       0
       0
       0
       0
       0
       0
       0
       0
       0
       0
       0
       0
       0
       0
       1
       0
       0
       0
       0
       0
       0
       0
       0
       0
       0
       0
       0
       0
       0
       0
       0
       0
       0
       0
       0
       0
       0
       0
       0
       0
       0
       0
       0
       0
       0
       0
       1
       0
       0
       0
       0
       1
       0
       0
       0
       0
       0
       0
       0
       0
       0
       0
       0
       1
       0
       0
       0
       0
       0
       0
       0
       0
       0
       0
       0
       0
       0
       0
       0
       0
       0
       0
       0
       0
       0
       0
       0
       0
       0
       0
       0
       0
       0
       0
       0
       0
       0
       0
       0
       0
       0
       0
       0
       0
       0
       0
       0
       0
       0
       0
       0
       0
       0
       0
       0
       0
       0
       0
       0
       0
       0
       0
       0
       0
       0
       0
       0
       0
       0
       0
       0
       0
       0
       0
       0
       0
       0
       0
       0
       0
       0
       0
       0
       0
       0
       0
       0
       0
       0
       0
       0
       0
       0
       0
       0
       0
       0
       0
       0
       0
       0
       0
       0
       0
       0
       0
       0
       0
       0
       0
       0
       0
       0
       0
       0
       0
       0
       0
       0
       0
       0
       0
       0
       0
       0
       0
       0
       0
       0
       0
       0
       0
       0
       0
       0
       0
       0
       0
       0
       0
       0
       0
       0
       0
       0
       0
       0
       0
       0
       0
       0
       0
       0
       0
       0
       0
       0
       0
       0
       0
       0
       0
       0
       0
       0
       0
       0
       0
       0
       0
       0
       0
       0
       0
       0
       0
       0
       0
       0
       0
       0
       0
       0
       0
       0
       0
       0
       0
       0
       0
       0
$ROI:
1
148 206
$PRESETS:
Live Time
5400
0
$ENER_FIT:
-25.851200 3.073140
$MCA_CAL:
3
-2.585120E+001 3.073140E+000 0.000000E+000 keV
$SHAPE_CAL:
3
5.542020E+000 5.415930E-002 0.000000E+000
