$SPEC_ID:
No sample description was entered.
$SPEC_REM:
DET# 1
DETDESC# SRLAB4 MCB 131 Input 1
AP# GammaVision Version 8.10.02
$DATE_MEA:
09/10/2026 18:24:58
$MEAS_TIM:
5400.00 5420.20
$DATA:
0 1023
       0
       0
       4
    5774
    3628
    3623
    3671
    3807
    3880
    3993
    4503
    4989
    5020
    4810
    4665
    4773
    4861
    5074
    5330
    5867
    6145
    6992
    7942
    8574
    9059
    9820
   10236
   11192
   11912
   12939
   14144
   14950
   16190
   16954
   17145
   16949
   16629
   16224
   16165
   16027
   15989
   16015
   16211
   16305
   16319
   16642
   16338
   16379
   16732
   16623
   16669
   16519
   16275
   16433
   15899
   16002
   15575
   15801
   15760
   15937
   15688
   16012
   15967
   15955
   15764
   15242
   15044
   14268
   13546
   12955
   12565
   12284
   11508
   11339
   10811
   10909
   10438
   10425
   10048
   10006
   10098
    9654
    9631
    9435
    9139
    9030
    8957
    8638
    8454
    8267
    7916
    8030
    7793
    7686
    7687
    7379
    7428
    7167
    7297
    7075
    6992
    6857
    6733
    6673
    6434
    6211
    6239
    6165
    5919
    5692
    5766
    5825
    5670
    5603
    5531
    5472
    5440
    5425
    5368
    5222
    5110
    4861
    4691
    4598
    4417
    4277
    4063
    3992
    3760
    3509
    3520
    3491
    3439
    3274
    3263
    3100
    3105
    3023
    2928
    2928
    3064
    2867
    2889
    2794
    2658
    2675
    2644
    2608
    2607
    2607
    2575
    2624
    2610
    2710
    2738
    2754
    2902
    3064
    3377
    3605
    3989
    4349
    5009
    5327
    5822
    6691
    7313
    7874
    8270
    8655
    8919
    9072
    8944
    8697
    8527
    7848
    7365
    6771
    6138
    5430
    4866
    4139
    3658
    3235
    2895
    2606
    2376
    2324
    2054
    2103
    2003
    1957
    2027
    2056
    2056
    2022
    1941
    2074
    2070
    2059
    2033
    2105
    2055
    1983
    1879
    1852
    1807
    1707
    1704
    1664
    1586
    1534
    1396
    1363
    1361
    1282
    1246
    1207
    1263
    1199
    1232
    1143
    1182
    1124
    1195
    1108
    1112
    1128
    1123
    1076
    1074
    1140
    1080
    1063
    1112
    1164
    1188
    1085
    1078
    1142
    1078
    1125
    1096
    1133
    1001
    1080
    1061
    1073
    1100
    1122
    1075
    1009
     988
    1080
    1053
    1008
    1009
     924
     989
     989
     909
     953
     950
     957
     988
     936
     993
     924
    1029
    1009
    1015
    1010
    1059
    1048
    1083
    1060
    1098
    1130
    1160
    1112
    1190
    1199
    1171
    1206
    1314
    1306
    1273
    1384
    1349
    1473
    1588
    1627
    1563
    1621
    1721
    1698
    1685
    1724
    1742
    1724
    1715
    1731
    1749
    1772
    1728
    1811
    1795
    1880
    1909
    1981
    1990
    1999
    1949
    2006
    2083
    2065
    2191
    2393
    2605
    3022
    3412
    3737
    4231
    4627
    4914
    4874
    4757
    4254
    3809
    3288
    2647
    1974
    1496
    1164
     815
     573
     449
     368
     376
     342
     294
     324
     329
     333
     312
     263
     288
     315
     283
     310
     278
     293
     310
     323
     281
     255
     277
     251
     252
     216
     204
     189
     216
     193
     202
     181
     196
     171
     190
     176
     177
     139
     168
     159
     129
     134
     151
     149
     126
     127
     118
     121
     132
     135
     125
     123
     132
     116
     105
      98
     116
     122
     120
      84
      88
     100
      78
      77
      53
      55
      50
      45
      46
      30
      36
      22
      32
      26
      32
      22
      17
      19
      23
      16
      12
      15
      18
      18
      13
      18
      12
      15
      19
      12
      18
      13
      15
      15
      16
      15
      18
      11
      15
      14
      16
      18
      23
      18
      25
      11
      16
      17
      14
      18
      17
      27
      25
      10
      18
      18
      16
      18
      17
      18
      30
      22
      19
      26
      18
      22
      23
      11
      20
      22
      18
      19
      24
      22
      12
      21
      16
      24
      14
      18
      14
      18
      22
      18
      19
      18
      24
      22
      23
      16
      15
      22
      22
      30
      33
      19
      23
      16
      23
      32
      26
      22
      32
      18
      18
      24
      13
      37
      23
      25
      34
      32
      15
      22
      31
      24
      32
      16
      30
      30
      38
      29
      27
      25
      43
      33
      50
      35
      53
      51
      46
      48
      41
      45
      46
      41
      46
      51
      40
      52
      50
      44
      35
      46
      38
      38
      41
      41
      43
      26
      31
      28
      30
      30
      27
      21
      30
      22
      21
      15
      14
      10
      17
      18
       9
      14
      11
      12
      12
       8
       6
       4
       6
      11
       6
       6
      10
       6
       2
       3
       9
       6
       6
       3
       3
       3
       4
       1
       1
       1
       4
       2
       1
       1
       1
       0
       0
       2
       1
       3
       5
       2
       3
       2
       0
       0
       1
       1
       0
       2
       3
       2
       2
       1
       1
       0
       1
       2
       0
       1
       1
       0
       0
       0
       0
       1
       2
       1
       0
       2
       2
       1
       0
       1
       1
       1
       2
       0
       0
       0
       1
       0
       0
       1
       0
       0
       0
       0
       0
       1
       0
       0
       0
       0
       1
       1
       0
       1
       0
       0
       0
       1
       0
       0
       1
       0
       0
       0
       0
       1
       0
       0
       1
       0
       0
       0
       0
       1
       0
       0
       0
       0
       0
       0
       1
       0
       0
       0
       0
       0
       1
       0
       0
       0
       1
       0
       1
       0
       0
       1
       0
       0
       0
       0
       0
       0
       0
       0
       0
       0
       0
       1
       0
       0
       0
       0
       0
       0
       0
       0
       0
       0
       0
       0
       0
       0
       1
       0
       0
       0
       0
       0
       0
       1
       0
       1
       0
       0
       0
       0
       0
       0
       1
       0
       0
       0
       0
       0
       0
       0
       0
       0
       0
       0
       0
       0
       0
       0
       0
       0
       0
       0
       0
       0
       0
       0
       0
       0
       0
       0
       0
       0
       0
       0
       0
       0
       0
       1
       0
       0
       0
       0
       0
       0
       0
       0
       0
       0
       1
       0
       0
       0
       0
       0
       0
       0
       0
       0
       0
       0
       0
       0
       0
       0
       0
       0
       0
       0
       0
       0
       0
       0
       0
       0
       0
       0
       0
       0
       0
       0
       0
       0
       0
       0
       0
       0
       0
       0
       0
       0
       0
       0
       0
       0
       0
       0
       0
       0
       0
       0
       0
       0
       1
       0
       0
       0
       0
       0
       0
       0
       0
       0
       0
       0
       0
       0
       0
       0
       0
       0
       0
       0
       0
       0
       0
       0
       0
       0
       0
       0
       0
       0
       0
       0
       0
       0
       0
       0
       0
       0
       0
       0
       1
       0
       0
       0
       0
       0
       0
       0
       0
       1
       0
       0
       0
       0
       0
       0
       1
       0
       0
       0
       0
       0
       0
       0
       0
       0
       0
       0
       0
       0
       0
       0
       1
       0
       1
       0
       0
       0
       0
       0
       0
       0
       0
       0
       0
       0
       0
       0
       0
       0
       0
       0
       0
       0
       0
       0
       0
       0
       0
       0
       0
       0
       0
       0
       0
       0
       0
       0
       0
       0
       0
       0
       0
       0
       0
       0
       0
       0
       0
       0
       0
       0
       0
       0
       0
       0
       0
       0
       0
       0
       0
       0
       0
       0
       0
       0
       0
       0
       1
       0
       0
       0
       0
       0
       0
       0
       0
       0
       0
       0
       0
       0
       0
       0
       0
       0
       1
       0
       0
       0
       0
       0
       0
       0
       0
       0
       0
       0
       0
       0
       0
       0
       0
       0
       0
       0
       0
       0
       0
       0
       0
       0
       0
       0
       0
       0
       0
       0
$ROI:
1
148 206
$PRESETS:
Live Time
5400
0
$ENER_FIT:
-25.851200 3.073140
$MCA_CAL:
3
-2.585120E+001 3.073140E+000 0.000000E+000 keV
$SHAPE_CAL:
3
5.542020E+000 5.415930E-002 0.000000E+000
