$SPEC_ID:
No sample description was entered.
$SPEC_REM:
DET# 1
DETDESC# SRLAB4 MCB 131 Input 1
AP# GammaVision Version 8.10.02
$DATE_MEA:
09/11/2026 09:28:14
$MEAS_TIM:
5400.00 5418.56
$DATA:
0 1023
       0
       0
       1
    5361
    3270
    3329
    3400
    3469
    3484
    3791
    4251
    4578
    4550
    4347
    4352
    4248
    4352
    4622
    5060
    5446
    6026
    6803
    7399
    8398
    8696
    9469
   10009
   10926
   11786
   12895
   13931
   15061
   16307
   16777
   16795
   16601
   16224
   15775
   15459
   15724
   15712
   15785
   15806
   16063
   15846
   15896
   16124
   16346
   16041
   16364
   16110
   16135
   15833
   15669
   15532
   15264
   15338
   15076
   15142
   15286
   15370
   15382
   15401
   15303
   14917
   14562
   14161
   13425
   12784
   12282
   11527
   11192
   10775
   10522
   10394
   10023
    9803
    9778
    9471
    9590
    9403
    9523
    9157
    8805
    8721
    8497
    8298
    8061
    7836
    7689
    7714
    7476
    7175
    7117
    7080
    6986
    7015
    6913
    6824
    6644
    6425
    6360
    6252
    6066
    5946
    5698
    5556
    5465
    5345
    5240
    5312
    5139
    5193
    5246
    5260
    5159
    5319
    5273
    5095
    4839
    4835
    4493
    4456
    4255
    4113
    3799
    3741
    3517
    3384
    3297
    3204
    3208
    3094
    3127
    2954
    2882
    2862
    2801
    2741
    2618
    2681
    2638
    2579
    2563
    2515
    2449
    2475
    2452
    2476
    2309
    2356
    2330
    2363
    2322
    2413
    2477
    2491
    2734
    2740
    2935
    3147
    3422
    3609
    3927
    4159
    4351
    4604
    4931
    4989
    5049
    5041
    4790
    4832
    4679
    4390
    4103
    3801
    3591
    3208
    2870
    2695
    2527
    2249
    2144
    2045
    2039
    1820
    1887
    1858
    1777
    1773
    1884
    1921
    1967
    1960
    1974
    2062
    1975
    1970
    2009
    2104
    2031
    1903
    1914
    1790
    1681
    1606
    1731
    1673
    1459
    1490
    1394
    1348
    1281
    1291
    1278
    1173
    1190
    1092
    1118
    1115
    1104
    1139
    1072
     957
    1037
    1138
    1068
    1060
    1035
    1070
    1039
    1006
    1022
    1042
    1006
    1075
    1075
    1025
    1056
    1014
    1050
    1091
    1052
    1084
    1028
    1055
    1041
    1042
    1022
    1012
     950
     981
     969
     986
     952
     982
     911
     901
     944
     867
     854
     890
     900
     903
     889
     915
     938
     883
    1030
     940
     978
     968
    1012
    1054
    1084
    1051
    1099
    1077
    1102
    1191
    1161
    1165
    1246
    1252
    1301
    1309
    1384
    1372
    1439
    1563
    1573
    1532
    1666
    1693
    1621
    1725
    1678
    1669
    1679
    1599
    1530
    1650
    1643
    1619
    1650
    1757
    1745
    1831
    1878
    1821
    1793
    1823
    1858
    2021
    1931
    2173
    2166
    2398
    2605
    2929
    3187
    3687
    4209
    4448
    4726
    4589
    4673
    4237
    3694
    3105
    2576
    1894
    1460
    1081
     783
     602
     473
     380
     372
     307
     304
     315
     283
     302
     290
     326
     295
     305
     297
     279
     313
     308
     282
     288
     256
     279
     272
     254
     213
     242
     254
     218
     202
     170
     194
     175
     194
     149
     165
     151
     172
     154
     135
     159
     136
     124
     145
     152
     138
     118
     132
     128
     111
     122
     106
     119
     109
     126
     118
     109
     102
     121
     103
      99
     100
      81
      68
      65
      67
      60
      45
      59
      41
      31
      32
      39
      25
      25
      32
      17
      20
      13
      23
      16
      18
      18
      12
      14
      12
      12
      14
      19
      20
      15
      16
      19
      13
      15
      15
      16
      15
      18
      12
      18
      10
      12
      15
      23
      14
      22
      21
      12
       9
      12
      29
      21
      18
      19
      16
      24
      18
      22
      13
      14
      24
      21
      12
      18
      21
      18
      21
      25
      13
      17
      22
      25
      26
      17
      31
      21
      20
      25
      23
      19
      19
      28
      25
      25
      19
      19
      18
      23
      20
      14
      31
      23
      23
      23
      24
      27
      36
      27
      22
      20
      20
      26
      28
      28
      32
      29
      25
      22
      26
      19
      27
      28
      26
      22
      30
      28
      24
      29
      28
      25
      32
      25
      28
      39
      27
      37
      47
      30
      47
      45
      37
      45
      36
      43
      50
      41
      55
      42
      43
      48
      42
      38
      50
      44
      35
      43
      38
      37
      28
      37
      32
      35
      28
      29
      17
      20
      17
      12
      17
      14
      16
      20
      21
      11
      13
      15
       8
       5
       9
       8
       9
       4
       3
       6
       3
       5
       3
       6
       5
       5
       5
       7
       4
       5
       1
       3
       3
       1
       3
       3
       6
       3
       2
       1
       2
       1
       2
       1
       2
       2
       1
       3
       0
       1
       1
       0
       2
       0
       0
       2
       1
       1
       0
       1
       0
       2
       1
       0
       2
       0
       2
       2
       1
       1
       0
       0
       1
       1
       1
       0
       1
       0
       0
       1
       0
       0
       1
       0
       0
       1
       1
       0
       2
       0
       0
       0
       0
       0
       1
       1
       0
       0
       1
       0
       0
       1
       0
       1
       1
       0
       0
       0
       0
       0
       0
       0
       0
       0
       0
       0
       0
       1
       2
       0
       0
       0
       0
       0
       0
       0
       0
       1
       2
       2
       0
       0
       0
       0
       1
       0
       0
       0
       0
       0
       0
       0
       0
       0
       0
       0
       0
       0
       0
       0
       0
       0
       1
       1
       0
       0
       1
       0
       1
       0
       0
       0
       0
       0
       1
       0
       0
       0
       0
       0
       1
       0
       0
       1
       0
       0
       1
       0
       0
       0
       0
       0
       0
       0
       0
       0
       0
       0
       0
       0
       0
       0
       0
       0
       1
       0
       0
       1
       0
       0
       0
       0
       0
       0
       0
       0
       0
       1
       0
       0
       0
       0
       0
       0
       0
       0
       0
       0
       0
       0
       1
       0
       0
       0
       0
       0
       0
       0
       0
       0
       0
       0
       0
       0
       0
       0
       1
       0
       0
       0
       0
       0
       0
       0
       0
       0
       0
       1
       1
       0
       0
       0
       0
       0
       0
       0
       0
       1
       0
       0
       0
       1
       0
       0
       0
       0
       0
       0
       0
       0
       0
       0
       0
       0
       0
       0
       0
       0
       0
       0
       0
       0
       0
       0
       0
       0
       0
       0
       0
       0
       0
       0
       0
       0
       1
       0
       0
       0
       0
       0
       0
       0
       0
       0
       0
       0
       0
       0
       1
       0
       0
       0
       0
       0
       0
       0
       0
       0
       0
       0
       0
       0
       0
       0
       0
       0
       0
       0
       0
       0
       0
       0
       0
       0
       0
       0
       0
       0
       0
       0
       0
       0
       0
       0
       0
       0
       0
       0
       0
       0
       0
       0
       0
       0
       0
       0
       0
       0
       0
       0
       0
       0
       0
       0
       0
       0
       0
       0
       0
       0
       0
       0
       0
       0
       0
       0
       0
       0
       0
       0
       0
       0
       0
       0
       0
       0
       0
       0
       0
       0
       0
       0
       0
       0
       1
       0
       0
       0
       0
       0
       0
       0
       0
       1
       0
       0
       0
       0
       0
       0
       0
       0
       0
       0
       0
       1
       0
       0
       0
       0
       0
       0
       0
       0
       0
       0
       0
       0
       0
       0
       0
       0
       0
       0
       0
       0
       0
       0
       0
       0
       0
       0
       0
       1
       0
       0
       0
       0
       0
       0
       0
       0
       0
       0
       0
       0
       0
       0
       0
       0
       0
       0
       0
       0
       0
       0
       0
       0
       0
       0
       0
       0
       0
       0
       0
$ROI:
1
148 206
$PRESETS:
Live Time
5400
0
$ENER_FIT:
-25.851200 3.073140
$MCA_CAL:
3
-2.585120E+001 3.073140E+000 0.000000E+000 keV
$SHAPE_CAL:
3
5.542020E+000 5.415930E-002 0.000000E+000
