$SPEC_ID:
No sample description was entered.
$SPEC_REM:
DET# 1
DETDESC# SRLAB4 MCB 131 Input 1
AP# GammaVision Version 8.10.02
$DATE_MEA:
09/11/2026 06:27:36
$MEAS_TIM:
5400.00 5418.78
$DATA:
0 1023
       0
       0
       2
    5618
    3346
    3375
    3399
    3572
    3590
    3827
    4257
    4572
    4673
    4427
    4275
    4319
    4456
    4822
    4992
    5519
    6233
    6794
    7606
    8443
    9101
    9549
   10171
   10930
   12107
   12984
   14076
   15089
   16054
   16723
   16839
   16384
   16058
   15667
   15592
   15884
   15427
   15764
   15896
   16046
   15951
   16200
   16141
   16253
   16266
   16127
   16257
   16020
   16056
   15897
   15536
   15442
   15433
   15119
   15204
   15156
   15427
   15400
   15348
   15643
   15101
   14763
   14193
   13465
   12621
   12232
   11921
   11318
   11119
   10633
   10197
   10327
   10028
    9977
    9560
    9702
    9572
    9202
    9044
    9107
    8836
    8496
    8248
    8241
    7833
    7804
    7645
    7517
    7278
    7202
    7229
    7067
    6934
    6905
    6799
    6781
    6518
    6271
    6207
    6053
    5983
    5749
    5650
    5523
    5468
    5361
    5269
    5288
    5339
    5167
    5199
    5279
    5172
    5083
    5096
    4951
    4800
    4726
    4403
    4342
    4086
    3893
    3684
    3621
    3497
    3246
    3242
    3221
    3141
    3044
    3019
    2961
    2908
    2777
    2740
    2656
    2688
    2558
    2525
    2597
    2630
    2531
    2533
    2479
    2418
    2387
    2452
    2438
    2359
    2435
    2482
    2569
    2632
    2751
    2960
    3071
    3358
    3679
    3929
    4104
    4608
    4904
    5161
    5473
    5486
    5777
    5618
    5537
    5447
    5207
    4955
    4501
    4269
    3895
    3463
    3069
    2869
    2606
    2409
    2222
    2069
    1956
    1920
    1905
    1914
    1986
    1921
    1951
    1813
    1992
    1957
    1988
    2004
    1924
    2023
    1991
    2016
    1966
    1924
    1813
    1810
    1772
    1684
    1593
    1524
    1472
    1456
    1480
    1373
    1253
    1292
    1251
    1183
    1196
    1204
    1158
    1089
    1088
    1141
    1079
    1098
    1080
    1036
    1062
    1113
    1083
    1093
    1027
    1006
    1033
     997
    1042
    1037
     980
    1047
    1006
    1074
    1060
    1093
    1066
    1032
    1073
    1049
    1031
    1082
    1020
     988
    1013
     987
     975
     958
     962
     987
     946
     931
     942
     892
     928
     881
     881
     927
     892
     976
    1022
     953
     916
    1008
     970
     958
    1039
    1041
    1066
    1126
    1097
    1169
    1158
    1177
    1159
    1229
    1207
    1283
    1355
    1323
    1409
    1439
    1468
    1525
    1513
    1636
    1717
    1682
    1647
    1674
    1687
    1682
    1607
    1664
    1653
    1674
    1624
    1695
    1781
    1821
    1786
    1873
    1882
    1786
    1853
    1861
    1886
    1959
    1966
    2135
    2195
    2385
    2747
    3097
    3359
    3878
    4268
    4545
    4721
    4768
    4427
    4167
    3584
    2989
    2379
    1874
    1415
     992
     762
     570
     455
     413
     356
     340
     311
     328
     302
     290
     314
     288
     313
     315
     291
     328
     281
     304
     285
     282
     291
     256
     273
     253
     230
     230
     235
     224
     190
     193
     185
     181
     174
     158
     180
     161
     142
     125
     153
     130
     136
     137
     135
     110
     145
     122
     126
     138
     112
     137
     116
     114
     118
     111
     115
     137
     118
      88
      74
      75
      95
      96
      78
      55
      53
      61
      51
      52
      36
      46
      40
      35
      22
      28
      20
      18
      24
      26
      20
      19
      18
      17
      20
      24
      14
      15
       8
      18
      15
      22
      17
      14
      21
      14
      16
      15
      23
      14
      12
      15
      12
      15
      15
      17
      19
      18
      16
      23
      18
      17
      16
      15
      20
      15
      17
      28
      18
      18
      11
      18
      19
      24
      17
      22
      22
      17
      13
      14
      14
      20
      17
      22
      22
      29
      17
      15
      24
      20
       9
      21
      14
      18
      24
      18
      28
      29
      20
      26
      19
      35
      28
      23
      19
      22
      23
      24
      30
      22
      24
      20
      34
      27
      19
      22
      25
      25
      30
      33
      19
      24
      20
      30
      20
      30
      33
      36
      28
      25
      24
      30
      23
      34
      39
      42
      40
      43
      38
      44
      41
      51
      55
      45
      40
      53
      56
      52
      43
      50
      58
      40
      46
      34
      50
      34
      46
      41
      42
      35
      28
      26
      24
      25
      24
      23
      30
      26
      16
      15
      20
      20
      16
      12
      12
      12
      13
      10
      11
       5
       3
      10
       6
       5
       4
       4
       4
       5
       7
       6
       4
       7
       5
       3
       2
       1
       4
       1
       3
       4
       5
       0
       1
       4
       2
       1
       2
       4
       4
       0
       1
       2
       0
       1
       2
       3
       2
       1
       1
       1
       1
       1
       2
       0
       1
       0
       1
       0
       2
       2
       1
       1
       1
       1
       0
       0
       2
       0
       1
       0
       1
       1
       1
       0
       0
       0
       0
       0
       2
       0
       0
       1
       0
       1
       0
       0
       0
       0
       1
       1
       0
       1
       0
       1
       2
       2
       1
       0
       0
       0
       0
       0
       0
       1
       0
       1
       0
       1
       2
       0
       1
       0
       0
       0
       1
       0
       0
       0
       0
       0
       0
       0
       1
       0
       0
       1
       0
       0
       0
       0
       0
       0
       0
       1
       0
       0
       0
       0
       0
       0
       1
       0
       0
       0
       0
       0
       0
       1
       0
       0
       0
       0
       1
       0
       0
       0
       0
       0
       0
       0
       0
       0
       0
       0
       0
       0
       0
       0
       0
       0
       0
       0
       0
       0
       0
       0
       0
       0
       0
       0
       0
       0
       0
       0
       0
       0
       0
       0
       0
       0
       0
       0
       0
       0
       0
       0
       0
       0
       0
       0
       0
       0
       0
       0
       0
       0
       1
       0
       0
       0
       0
       0
       0
       0
       0
       0
       0
       0
       1
       0
       0
       0
       0
       1
       0
       0
       0
       0
       0
       0
       0
       0
       0
       0
       0
       0
       0
       0
       0
       0
       0
       0
       0
       0
       0
       0
       0
       0
       0
       0
       0
       0
       0
       0
       0
       0
       0
       0
       0
       0
       0
       0
       0
       0
       0
       0
       0
       0
       0
       0
       0
       0
       0
       0
       0
       0
       1
       0
       0
       0
       0
       0
       0
       0
       0
       0
       0
       0
       0
       0
       0
       0
       0
       0
       1
       0
       0
       0
       0
       0
       0
       0
       0
       0
       0
       0
       0
       0
       0
       0
       0
       0
       0
       0
       0
       0
       0
       0
       0
       0
       0
       0
       0
       0
       0
       0
       0
       0
       0
       0
       0
       0
       0
       0
       0
       0
       0
       0
       0
       0
       0
       0
       0
       0
       0
       0
       0
       0
       0
       0
       0
       0
       0
       0
       0
       0
       0
       0
       0
       0
       0
       0
       0
       0
       0
       0
       0
       0
       0
       0
       1
       0
       0
       0
       0
       0
       0
       0
       0
       0
       0
       0
       0
       0
       0
       0
       0
       0
       0
       0
       0
       0
       0
       0
       0
       0
       0
       0
       0
       0
       0
       0
       0
       0
       0
       0
       0
       0
       0
       0
       0
       0
       0
       1
       0
       0
       0
       0
       0
       0
       0
       0
       0
       0
       0
       0
       0
       0
       0
       0
       0
       0
       0
       0
       0
       0
       0
       0
       0
       0
       0
       0
       0
       0
       0
       0
       0
       0
       0
       0
       0
       0
       0
       0
       0
       0
       0
       0
       0
       0
       0
       0
       0
       0
       0
       0
       0
       0
       0
       0
       0
$ROI:
1
148 206
$PRESETS:
Live Time
5400
0
$ENER_FIT:
-25.851200 3.073140
$MCA_CAL:
3
-2.585120E+001 3.073140E+000 0.000000E+000 keV
$SHAPE_CAL:
3
5.542020E+000 5.415930E-002 0.000000E+000
