$SPEC_ID:
No sample description was entered.
$SPEC_REM:
DET# 1
DETDESC# SRLAB4 MCB 131 Input 1
AP# GammaVision Version 8.10.02
$DATE_MEA:
09/10/2026 15:24:16
$MEAS_TIM:
5400.00 5420.74
$DATA:
0 1023
       0
       0
       0
    6098
    3705
    3735
    3805
    3981
    4040
    4224
    4497
    4931
    5113
    4779
    4766
    4651
    4819
    5040
    5389
    5770
    6206
    6905
    7737
    8603
    9156
    9688
   10206
   11036
   11748
   12783
   13742
   14594
   16020
   16809
   17212
   16774
   16676
   16204
   16103
   15729
   15851
   15909
   16139
   16260
   16168
   16356
   16313
   16337
   16321
   16860
   16513
   16579
   16406
   16430
   16384
   15980
   15907
   16001
   15785
   15733
   15839
   15933
   15878
   16074
   16394
   15827
   15432
   14731
   14319
   13373
   12981
   12604
   11873
   11828
   11093
   10991
   10713
   10460
   10376
   10312
   10099
   10114
    9981
    9751
    9516
    9332
    9114
    9041
    8839
    8358
    8142
    8154
    7958
    7967
    7768
    7744
    7534
    7551
    7496
    7263
    7177
    7104
    7049
    6900
    6929
    6460
    6526
    6367
    6034
    5899
    5957
    5946
    5819
    5757
    5697
    5647
    5601
    5580
    5496
    5416
    5362
    5154
    4986
    4977
    4740
    4620
    4355
    4144
    4012
    4041
    3698
    3689
    3523
    3318
    3294
    3292
    3221
    3138
    3044
    3076
    3004
    2832
    2917
    2887
    2805
    2718
    2614
    2693
    2611
    2631
    2666
    2629
    2626
    2661
    2647
    2736
    2809
    2857
    3073
    3326
    3741
    4038
    4454
    5195
    5697
    6131
    7149
    7526
    8137
    9093
    9315
    9852
   10084
   10088
   10184
    9781
    9378
    8896
    7920
    7251
    6489
    5927
    5072
    4400
    3942
    3385
    3162
    2595
    2336
    2280
    2114
    2011
    1942
    1974
    1941
    1968
    2041
    1992
    1954
    1980
    2096
    2025
    1995
    1984
    2001
    1986
    1912
    1839
    1846
    1698
    1671
    1572
    1524
    1552
    1509
    1446
    1290
    1336
    1284
    1258
    1158
    1210
    1209
    1188
    1138
    1131
    1194
    1114
    1088
    1136
    1070
    1099
    1159
    1095
    1204
    1120
    1141
    1102
    1036
    1102
    1060
    1115
    1084
    1055
    1110
    1085
    1155
    1060
    1078
    1062
     998
    1083
    1085
    1049
    1074
    1030
    1087
    1030
     993
    1057
     992
     986
    1037
     952
    1016
    1021
    1001
    1046
    1011
    1058
    1010
    1030
    1109
    1088
    1091
    1130
    1191
    1120
    1190
    1134
    1238
    1189
    1229
    1233
    1316
    1267
    1395
    1461
    1445
    1463
    1517
    1550
    1600
    1629
    1690
    1738
    1772
    1768
    1839
    1720
    1803
    1787
    1828
    1729
    1742
    1860
    1823
    1922
    1923
    1881
    1882
    1938
    1959
    1990
    2121
    2190
    2219
    2445
    2649
    2800
    3253
    3699
    4044
    4427
    4721
    4801
    5008
    4598
    4114
    3522
    2932
    2329
    1674
    1276
     953
     686
     544
     452
     380
     331
     330
     342
     300
     284
     327
     297
     295
     294
     293
     305
     280
     275
     315
     273
     263
     286
     250
     244
     272
     239
     243
     251
     235
     229
     225
     190
     208
     150
     165
     160
     155
     155
     163
     154
     152
     152
     151
     152
     138
     145
     120
     131
     126
     133
     131
     136
     128
     137
     117
     118
     114
     106
     100
     104
     111
      87
     106
      82
      78
      64
      73
      38
      35
      42
      32
      26
      31
      33
      26
      22
      23
      23
      19
      18
      29
      22
      20
      24
      24
      12
      20
      16
      18
      15
      15
      15
      19
      22
      17
      13
      20
      17
      12
      15
      13
      14
      23
      13
      15
      28
      16
      11
      10
      21
      16
      23
      21
      10
      18
      15
      18
      19
      14
      10
      16
      15
      23
      30
      15
      19
      17
      19
      20
      19
      17
      16
      17
      17
      21
      12
      17
      21
      21
      18
      22
      35
      19
      17
      19
      18
      21
      19
      29
      20
      30
      17
      27
      19
      36
      24
      19
      25
      23
      29
      17
      26
      21
      22
      20
      32
      26
      24
      10
      23
      27
      28
      25
      23
      22
      32
      33
      27
      28
      28
      33
      33
      39
      32
      37
      28
      44
      35
      38
      46
      42
      51
      50
      38
      56
      42
      40
      44
      51
      48
      38
      53
      37
      57
      54
      37
      40
      37
      29
      36
      27
      34
      37
      26
      18
      20
      23
      20
      27
      27
      17
      18
      21
      12
      25
      14
      14
       8
      10
       8
       4
      13
       7
       9
      11
       3
       9
       4
       9
       6
       2
       5
       5
       4
       4
       2
       7
       0
       1
       3
       6
       1
       5
       2
       3
       1
       3
       5
       1
       7
       1
       1
       3
       3
       3
       5
       2
       1
       1
       1
       2
       1
       1
       3
       2
       1
       0
       0
       2
       0
       0
       2
       2
       0
       1
       0
       1
       3
       3
       2
       1
       2
       1
       1
       1
       1
       0
       0
       0
       0
       0
       0
       0
       0
       0
       0
       0
       1
       0
       1
       1
       0
       2
       0
       0
       0
       0
       2
       1
       2
       0
       0
       0
       0
       0
       0
       1
       0
       1
       2
       0
       0
       0
       0
       1
       0
       1
       1
       0
       0
       0
       0
       1
       1
       3
       0
       0
       0
       0
       1
       0
       0
       0
       0
       0
       0
       0
       0
       1
       0
       0
       0
       1
       0
       0
       0
       0
       0
       0
       1
       0
       0
       0
       0
       0
       0
       0
       0
       0
       0
       0
       0
       0
       0
       0
       0
       0
       1
       0
       0
       0
       2
       0
       2
       1
       0
       0
       0
       0
       0
       0
       0
       0
       0
       0
       0
       0
       1
       0
       0
       0
       0
       0
       0
       0
       0
       0
       0
       1
       0
       0
       0
       0
       0
       1
       0
       0
       0
       0
       0
       0
       0
       0
       0
       0
       0
       0
       0
       0
       0
       0
       0
       0
       0
       0
       0
       0
       0
       0
       0
       0
       0
       0
       0
       0
       0
       0
       0
       0
       0
       0
       0
       0
       0
       0
       0
       0
       0
       0
       0
       0
       0
       0
       0
       0
       0
       0
       0
       0
       0
       0
       0
       0
       0
       0
       0
       0
       0
       0
       0
       0
       0
       0
       0
       0
       0
       0
       0
       0
       0
       0
       0
       0
       0
       0
       0
       0
       0
       0
       0
       0
       0
       0
       0
       0
       0
       0
       0
       0
       0
       0
       0
       0
       0
       1
       0
       0
       0
       0
       0
       0
       0
       0
       0
       0
       0
       0
       0
       0
       0
       0
       0
       0
       0
       0
       0
       0
       0
       0
       1
       0
       0
       0
       0
       0
       0
       0
       0
       0
       0
       0
       0
       0
       1
       0
       0
       0
       0
       0
       0
       0
       0
       0
       0
       0
       0
       0
       1
       0
       0
       0
       0
       0
       0
       0
       0
       0
       0
       0
       0
       0
       0
       0
       0
       0
       0
       0
       0
       0
       0
       0
       0
       0
       0
       0
       0
       1
       0
       0
       0
       0
       0
       0
       0
       0
       0
       0
       0
       0
       0
       0
       0
       0
       0
       0
       0
       0
       0
       0
       0
       0
       0
       0
       0
       0
       0
       0
       0
       0
       0
       0
       0
       0
       0
       0
       0
       0
       0
       0
       0
       0
       0
       0
       0
       0
       0
       0
       0
       0
       0
       0
       0
       0
       0
       0
       0
       0
       0
       0
       0
       0
       0
       0
       0
       0
       0
       0
       0
       0
       0
       0
       0
       0
       0
       0
       0
       0
       0
       0
       0
$ROI:
1
148 206
$PRESETS:
Live Time
5400
0
$ENER_FIT:
-25.851200 3.073140
$MCA_CAL:
3
-2.585120E+001 3.073140E+000 0.000000E+000 keV
$SHAPE_CAL:
3
5.542020E+000 5.415930E-002 0.000000E+000
