$SPEC_ID:
No sample description was entered.
$SPEC_REM:
DET# 1
DETDESC# SRLAB4 MCB 131 Input 1
AP# GammaVision Version 8.10.02
$DATE_MEA:
09/11/2026 10:58:33
$MEAS_TIM:
5400.00 5418.46
$DATA:
0 1023
       0
       0
       0
    5307
    3234
    3330
    3354
    3447
    3562
    3759
    4062
    4414
    4551
    4312
    4107
    4286
    4415
    4650
    5052
    5373
    5916
    6786
    7471
    8449
    8900
    9356
   10088
   10969
   11710
   12669
   14019
   15011
   15992
   16691
   16653
   16512
   15921
   15537
   15470
   15430
   15550
   15779
   15659
   15466
   15911
   15777
   16026
   15980
   16130
   16073
   16042
   15919
   15837
   15459
   15786
   15251
   15313
   15319
   15228
   15121
   15394
   15611
   15407
   15358
   15155
   14548
   13906
   13305
   12696
   12169
   11495
   11271
   10814
   10482
   10122
    9805
    9917
    9672
    9374
    9494
    9462
    9232
    9053
    9045
    8682
    8472
    8400
    8118
    7913
    7691
    7520
    7553
    7272
    7162
    7159
    6817
    6879
    6918
    6589
    6657
    6290
    6282
    6132
    6001
    5819
    5739
    5598
    5371
    5319
    5273
    5210
    5214
    5243
    5258
    5176
    5142
    5142
    5035
    5001
    4835
    4804
    4692
    4330
    4215
    4012
    3906
    3630
    3541
    3437
    3243
    3212
    3161
    3143
    3000
    2863
    2929
    2872
    2817
    2646
    2672
    2738
    2635
    2534
    2594
    2481
    2424
    2403
    2425
    2373
    2313
    2401
    2376
    2379
    2307
    2463
    2464
    2557
    2666
    2761
    2942
    3106
    3301
    3482
    3819
    3933
    4255
    4567
    4459
    4720
    4851
    4817
    4706
    4739
    4499
    4302
    3914
    3608
    3327
    3052
    2814
    2569
    2389
    2231
    2047
    2056
    1960
    1880
    1888
    1778
    1837
    1861
    1944
    1873
    2007
    1934
    2005
    1962
    2026
    2002
    1991
    1928
    1967
    1884
    1869
    1930
    1685
    1648
    1699
    1491
    1517
    1413
    1349
    1340
    1287
    1217
    1259
    1122
    1168
    1123
    1135
    1061
    1092
    1096
    1063
    1165
    1113
    1082
    1074
    1070
    1064
    1101
     996
    1116
    1050
    1039
    1031
    1085
    1096
     993
    1105
    1083
    1089
    1003
    1035
    1052
    1061
     990
    1015
    1035
    1043
    1010
    1010
    1001
    1006
     970
     901
     862
     894
     925
     935
     875
     894
     880
    1004
     955
     945
     942
     916
     956
     942
     976
     985
    1026
    1027
    1031
     998
    1071
    1063
    1077
    1077
    1208
    1204
    1226
    1266
    1316
    1244
    1361
    1291
    1418
    1415
    1511
    1500
    1566
    1620
    1693
    1689
    1714
    1726
    1649
    1678
    1566
    1640
    1532
    1664
    1747
    1739
    1732
    1785
    1845
    1804
    1847
    1791
    1802
    1912
    1927
    1950
    2026
    2191
    2335
    2613
    2981
    3278
    3693
    4013
    4533
    4646
    4704
    4662
    4252
    3803
    3300
    2600
    2041
    1527
    1139
     811
     589
     484
     432
     358
     324
     308
     322
     284
     287
     303
     278
     267
     304
     289
     291
     322
     273
     266
     281
     264
     284
     250
     262
     231
     232
     231
     242
     225
     217
     189
     150
     191
     162
     159
     160
     150
     133
     152
     138
     171
     126
     133
     137
     121
     139
     131
     101
     120
     129
     121
     106
     125
     137
     102
     116
     111
     117
     115
     107
      86
      74
      91
      86
      67
      72
      57
      42
      38
      44
      21
      15
      22
      10
      26
      16
      26
      26
      23
      24
      18
      17
      29
      21
      16
      15
      17
      19
      13
      20
      11
      14
      15
      17
      10
      17
      14
      14
      12
      18
      14
      16
      13
      18
      12
      20
      11
      13
      23
      12
      16
      15
      18
      14
      21
      18
      17
      22
      20
      16
      21
      15
      20
      22
      17
      16
      16
      24
      25
      17
      20
      14
      20
      16
      29
      16
      18
      19
      21
      18
      17
      26
      17
      27
      33
      23
      18
      21
      24
      20
      21
      20
      21
      19
      17
      22
      25
      24
      26
      31
      21
      26
      27
      19
      21
      25
      37
      33
      19
      26
      22
      24
      27
      28
      36
      29
      22
      26
      27
      22
      29
      35
      44
      25
      35
      31
      36
      42
      42
      40
      41
      42
      40
      58
      55
      50
      52
      45
      34
      48
      50
      37
      37
      51
      46
      31
      40
      30
      29
      23
      34
      39
      25
      17
      21
      19
      16
      23
      15
       9
       9
      14
       8
       9
       7
      17
      10
      10
      15
       9
       6
       7
       7
       8
       3
       6
       5
       4
      10
       7
       2
       3
       2
       5
       8
       4
       4
       5
       3
       4
       2
       4
       5
       2
       0
       2
       1
       2
       2
       1
       3
       1
       1
       1
       3
       1
       2
       1
       1
       1
       1
       1
       2
       1
       1
       2
       1
       0
       1
       2
       1
       1
       2
       2
       4
       1
       1
       1
       2
       2
       0
       0
       2
       0
       0
       1
       0
       1
       0
       0
       1
       0
       0
       1
       0
       2
       0
       0
       1
       1
       0
       0
       1
       1
       0
       0
       0
       2
       0
       1
       0
       0
       1
       1
       1
       0
       0
       0
       0
       0
       0
       2
       2
       1
       0
       2
       0
       1
       0
       0
       0
       0
       0
       0
       0
       0
       0
       0
       0
       0
       1
       0
       0
       0
       0
       1
       0
       0
       1
       0
       0
       0
       1
       0
       0
       1
       0
       0
       0
       0
       0
       0
       0
       0
       0
       0
       1
       0
       0
       0
       0
       0
       0
       0
       0
       0
       0
       0
       0
       1
       0
       0
       1
       0
       0
       0
       0
       0
       0
       0
       0
       0
       0
       0
       0
       0
       0
       0
       0
       0
       0
       0
       0
       0
       0
       0
       0
       0
       0
       0
       0
       0
       0
       0
       1
       0
       0
       0
       0
       0
       0
       1
       0
       0
       0
       0
       0
       0
       0
       0
       0
       1
       0
       0
       1
       0
       0
       0
       0
       0
       0
       0
       0
       0
       0
       0
       0
       0
       0
       0
       0
       0
       1
       0
       0
       0
       0
       0
       0
       0
       0
       0
       0
       0
       0
       0
       0
       0
       0
       0
       0
       0
       0
       0
       0
       0
       0
       0
       0
       0
       0
       0
       0
       0
       0
       0
       0
       0
       0
       0
       0
       0
       0
       0
       0
       0
       0
       0
       0
       1
       0
       0
       0
       0
       0
       0
       0
       0
       0
       0
       0
       0
       0
       0
       0
       0
       0
       0
       0
       0
       0
       0
       0
       0
       0
       0
       0
       0
       0
       0
       0
       0
       0
       0
       0
       0
       0
       0
       0
       0
       0
       0
       0
       0
       0
       0
       0
       0
       0
       0
       0
       0
       0
       0
       0
       0
       0
       0
       0
       0
       0
       0
       0
       0
       0
       0
       0
       0
       0
       0
       0
       0
       0
       0
       0
       0
       0
       0
       0
       0
       0
       0
       0
       0
       0
       0
       0
       0
       1
       0
       0
       1
       0
       0
       0
       0
       0
       0
       0
       0
       0
       0
       0
       0
       0
       0
       0
       0
       0
       0
       0
       0
       0
       0
       0
       0
       0
       0
       0
       0
       0
       0
       0
       0
       0
       0
       0
       0
       0
       0
       0
       0
       0
       0
       0
       0
       0
       0
       0
       0
       0
       0
       0
       0
       0
       0
       0
       0
       0
       0
       0
       0
       0
       0
       0
       0
       0
       0
       0
       0
       0
       0
       0
       0
       0
       0
       0
       0
       0
       0
       0
       0
       0
       0
       0
       0
       0
       0
       0
$ROI:
1
148 206
$PRESETS:
Live Time
5400
0
$ENER_FIT:
-25.851200 3.073140
$MCA_CAL:
3
-2.585120E+001 3.073140E+000 0.000000E+000 keV
$SHAPE_CAL:
3
5.542020E+000 5.415930E-002 0.000000E+000
