$SPEC_ID:
No sample description was entered.
$SPEC_REM:
DET# 1
DETDESC# SRLAB4 MCB 131 Input 1
AP# GammaVision Version 8.10.02
$DATE_MEA:
09/11/2026 07:57:55
$MEAS_TIM:
5400.00 5418.68
$DATA:
0 1023
       0
       0
       0
    5463
    3311
    3277
    3366
    3558
    3511
    3759
    4265
    4400
    4572
    4448
    4171
    4341
    4433
    4731
    5011
    5313
    6142
    6834
    7607
    8320
    9074
    9354
   10092
   11131
   11904
   12882
   14064
   15333
   16118
   16869
   16685
   16643
   16374
   15814
   15507
   15463
   15884
   15540
   15854
   15947
   15907
   16022
   16265
   16215
   16294
   16237
   16356
   15953
   15747
   15600
   15567
   15371
   15067
   15299
   15198
   15152
   15555
   15324
   15677
   15461
   15272
   14680
   13906
   13391
   12862
   12085
   11801
   11188
   10952
   10635
   10325
   10091
    9793
    9911
    9743
    9550
    9411
    9232
    9235
    9044
    8820
    8700
    8233
    8236
    7857
    7835
    7539
    7449
    7276
    7243
    7021
    7020
    6935
    6783
    6761
    6504
    6416
    6420
    6320
    6053
    5757
    5675
    5667
    5427
    5552
    5370
    5218
    5282
    5235
    5210
    5253
    5285
    5241
    5067
    5210
    4922
    4785
    4698
    4374
    4319
    4001
    3951
    3783
    3647
    3509
    3424
    3221
    3176
    3208
    3085
    3007
    2904
    2812
    2820
    2738
    2654
    2672
    2648
    2698
    2533
    2509
    2462
    2425
    2364
    2438
    2413
    2368
    2281
    2400
    2394
    2418
    2534
    2556
    2694
    2882
    3036
    3333
    3557
    3774
    4017
    4334
    4631
    4965
    4982
    5387
    5261
    5426
    5314
    5049
    4990
    4730
    4313
    3958
    3643
    3209
    3078
    2793
    2568
    2291
    2150
    2046
    1876
    1895
    1892
    1827
    1881
    1894
    1879
    1934
    1911
    1951
    2053
    1933
    2067
    1988
    2036
    2002
    1974
    1890
    1896
    1898
    1768
    1666
    1599
    1529
    1512
    1478
    1452
    1348
    1251
    1270
    1213
    1256
    1164
    1128
    1097
    1155
    1120
    1080
    1067
    1101
    1112
    1110
    1074
    1091
    1098
    1048
    1009
    1081
    1031
     987
    1026
    1099
    1118
    1048
    1024
    1051
    1041
    1037
    1113
    1084
    1092
    1057
     997
    1019
     994
    1095
    1036
    1012
     969
     970
     948
     939
     967
     910
     954
     872
     878
     885
     920
     958
     867
     925
     955
     931
     938
     953
     991
    1028
     977
    1006
    1074
    1037
    1028
    1124
    1086
    1183
    1132
    1211
    1359
    1284
    1308
    1332
    1383
    1495
    1455
    1503
    1574
    1515
    1615
    1635
    1671
    1625
    1681
    1704
    1710
    1633
    1643
    1592
    1660
    1728
    1755
    1747
    1801
    1911
    1864
    1735
    1839
    1761
    1866
    1934
    1949
    2135
    2235
    2446
    2655
    2961
    3357
    3691
    4153
    4438
    4690
    4725
    4540
    4080
    3698
    2953
    2448
    1823
    1384
    1058
     748
     621
     497
     359
     346
     325
     321
     310
     303
     317
     316
     298
     308
     300
     283
     297
     284
     267
     272
     258
     286
     274
     258
     271
     247
     219
     232
     214
     216
     193
     189
     179
     184
     137
     149
     144
     135
     152
     162
     132
     133
     166
     147
     131
     130
     128
     133
     133
     137
     118
     104
     122
     117
     136
     129
     115
     121
     113
      77
      97
      91
      91
      79
      52
      65
      63
      52
      56
      43
      42
      30
      26
      31
      26
      28
      14
      23
      19
      21
      13
      21
      12
      21
      13
      22
      22
      15
      19
      15
      15
      15
      13
      11
      16
      22
      19
      13
      23
      17
      11
      18
      18
      11
      23
      19
      24
      20
      15
      27
      17
      16
      19
      26
      18
      20
      12
      17
      22
      18
      17
      13
      21
      19
      23
      13
      20
      27
      16
      26
      17
      18
      27
      15
      24
      26
      20
      19
      17
      18
      11
      20
      10
      20
      24
      24
      20
      23
      18
      25
      24
      16
      32
      12
      16
      23
      17
      20
      22
      21
      30
      24
      27
      27
      35
      16
      17
      27
      29
      22
      26
      28
      29
      26
      34
      37
      26
      22
      31
      26
      24
      31
      38
      35
      33
      46
      44
      38
      39
      38
      33
      45
      52
      47
      71
      40
      44
      55
      41
      42
      39
      30
      45
      48
      41
      34
      46
      43
      34
      29
      26
      23
      25
      23
      27
      19
      20
      21
      18
      20
      23
      13
      15
      17
      15
       5
      16
       7
      11
      11
       6
      10
       5
       6
       3
       5
       4
       6
       9
       3
       3
       3
       7
       5
       4
       3
       0
       3
       7
       2
       3
       1
       0
       1
       2
       3
       2
       3
       3
       5
       2
       4
       1
       2
       0
       2
       3
       6
       2
       2
       0
       2
       3
       0
       2
       0
       1
       1
       2
       1
       0
       0
       0
       0
       1
       0
       0
       0
       1
       1
       0
       0
       1
       1
       2
       0
       1
       0
       1
       0
       0
       0
       0
       0
       0
       1
       1
       1
       0
       0
       0
       1
       0
       1
       0
       1
       0
       0
       2
       0
       0
       1
       0
       2
       0
       0
       0
       1
       0
       0
       1
       0
       0
       0
       0
       0
       0
       0
       0
       0
       0
       0
       0
       0
       0
       1
       0
       1
       0
       0
       0
       0
       0
       0
       0
       0
       0
       0
       0
       0
       0
       1
       2
       1
       0
       0
       0
       1
       0
       0
       0
       1
       0
       1
       0
       0
       0
       0
       0
       0
       0
       0
       0
       0
       0
       0
       0
       0
       0
       0
       1
       0
       0
       0
       0
       0
       0
       0
       0
       0
       0
       0
       0
       0
       0
       0
       0
       1
       0
       0
       1
       0
       0
       0
       0
       0
       0
       0
       0
       0
       0
       0
       0
       0
       0
       0
       0
       1
       0
       0
       0
       0
       0
       0
       0
       0
       0
       0
       0
       0
       0
       0
       0
       0
       0
       0
       0
       0
       0
       0
       0
       0
       0
       0
       0
       0
       0
       0
       0
       0
       0
       0
       0
       0
       0
       0
       0
       0
       0
       2
       0
       0
       0
       0
       0
       0
       0
       0
       0
       0
       0
       0
       0
       0
       0
       0
       0
       1
       0
       0
       0
       0
       0
       0
       0
       0
       0
       0
       0
       0
       0
       0
       0
       0
       0
       0
       0
       0
       0
       0
       0
       0
       0
       0
       0
       1
       0
       0
       0
       0
       0
       0
       0
       0
       0
       0
       0
       0
       0
       0
       0
       0
       0
       0
       0
       0
       0
       0
       0
       0
       0
       0
       0
       0
       0
       0
       0
       0
       0
       0
       0
       0
       0
       1
       0
       0
       0
       0
       0
       0
       0
       0
       0
       0
       0
       0
       0
       0
       0
       0
       0
       0
       0
       0
       0
       0
       0
       0
       0
       0
       0
       0
       0
       0
       1
       0
       0
       0
       0
       0
       0
       0
       0
       0
       0
       0
       0
       0
       0
       0
       0
       0
       0
       0
       0
       0
       0
       0
       0
       0
       0
       0
       0
       0
       0
       0
       0
       0
       0
       0
       0
       0
       1
       0
       0
       0
       0
       0
       0
       0
       0
       0
       0
       0
       0
       0
       0
       0
       0
       0
       0
       0
       0
       0
       0
       0
       0
       0
       0
       0
       0
       0
       0
       0
       0
       0
       0
       0
       0
       0
       0
       0
       0
       0
       0
       0
       1
       0
       0
       0
       0
       0
       0
       0
       0
       0
       0
       0
       0
       0
       0
       0
       0
       0
       0
       0
       0
       0
       0
       0
$ROI:
1
148 206
$PRESETS:
Live Time
5400
0
$ENER_FIT:
-25.851200 3.073140
$MCA_CAL:
3
-2.585120E+001 3.073140E+000 0.000000E+000 keV
$SHAPE_CAL:
3
5.542020E+000 5.415930E-002 0.000000E+000
