$SPEC_ID:
No sample description was entered.
$SPEC_REM:
DET# 1
DETDESC# SRLAB4 MCB 131 Input 1
AP# GammaVision Version 8.10.02
$DATE_MEA:
09/11/2026 04:57:17
$MEAS_TIM:
5400.00 5418.92
$DATA:
0 1023
       0
       0
       1
    5483
    3424
    3323
    3432
    3582
    3569
    3880
    4345
    4556
    4686
    4419
    4307
    4342
    4517
    4717
    5038
    5550
    6000
    6783
    7739
    8416
    8954
    9671
   10364
   11078
   11960
   12926
   14057
   15130
   16247
   16744
   16934
   16541
   16337
   15582
   15543
   15678
   15626
   15758
   16038
   15958
   16337
   16131
   16283
   16263
   16232
   16291
   16294
   16340
   15820
   15861
   15529
   15443
   15297
   15273
   15225
   15057
   15395
   15762
   15508
   15591
   15075
   14918
   14202
   13374
   12868
   12217
   11991
   11283
   10997
   10696
   10370
   10045
    9945
    9860
   10000
    9693
    9693
    9415
    9159
    8936
    8855
    8688
    8244
    8170
    8008
    8104
    7641
    7393
    7327
    7224
    7131
    7090
    7184
    6763
    6768
    6533
    6597
    6533
    6322
    6098
    5898
    5798
    5687
    5572
    5423
    5409
    5345
    5394
    5314
    5340
    5290
    5364
    5179
    5123
    5009
    5036
    4854
    4601
    4366
    4180
    4051
    4014
    3711
    3622
    3450
    3492
    3325
    3312
    3078
    3064
    3042
    2885
    2833
    2857
    2797
    2828
    2747
    2651
    2620
    2598
    2589
    2554
    2503
    2414
    2437
    2449
    2417
    2483
    2392
    2406
    2525
    2539
    2651
    2903
    2974
    3225
    3560
    3839
    4083
    4367
    4848
    5092
    5356
    5600
    5922
    5976
    5892
    5962
    5696
    5432
    5227
    4799
    4428
    4126
    3637
    3253
    3002
    2710
    2361
    2291
    2098
    2016
    1971
    1870
    1913
    1987
    1909
    1817
    1981
    1974
    1935
    2083
    1995
    2016
    2023
    1919
    2046
    1936
    1906
    1873
    1794
    1782
    1717
    1625
    1518
    1515
    1534
    1394
    1353
    1287
    1272
    1230
    1195
    1171
    1134
    1158
    1095
    1171
    1064
    1084
    1124
    1064
    1055
    1031
    1033
    1086
    1099
    1098
    1002
    1010
    1044
    1002
    1006
    1103
    1123
    1030
    1042
    1021
    1006
    1088
    1074
    1083
    1049
    1032
     987
    1083
    1034
    1036
    1065
    1005
     991
    1011
     937
     914
     945
     925
     928
     947
     905
     907
     961
     952
     934
     937
    1002
     940
     992
     994
    1031
     992
    1077
    1045
    1119
    1130
    1082
    1151
    1202
    1197
    1192
    1269
    1278
    1326
    1344
    1364
    1470
    1433
    1489
    1580
    1574
    1676
    1657
    1748
    1657
    1705
    1701
    1662
    1637
    1665
    1570
    1684
    1717
    1786
    1724
    1791
    1876
    1825
    1856
    1872
    1911
    1981
    1854
    2094
    2112
    2275
    2386
    2726
    3153
    3496
    3880
    4249
    4600
    4737
    4759
    4640
    4160
    3663
    3018
    2444
    1766
    1300
    1001
     708
     557
     445
     415
     330
     315
     339
     283
     302
     294
     299
     287
     302
     314
     288
     257
     293
     288
     292
     306
     261
     235
     254
     267
     261
     227
     221
     210
     235
     202
     198
     204
     155
     156
     156
     170
     165
     141
     158
     129
     147
     129
     113
     120
     139
     129
     136
     123
     104
     131
     126
     118
     127
     125
     125
     113
     122
     103
      98
     102
     103
      74
      88
      82
      59
      56
      35
      46
      42
      41
      30
      32
      38
      26
      18
      23
      19
      23
      19
      22
      14
      27
      18
      13
      18
      18
      14
      19
      18
      10
      21
      18
      20
      18
      18
      23
      12
      11
      11
      16
      20
      22
      14
      26
      16
      12
      17
      20
      16
      13
       9
      17
      15
      16
      20
      18
      18
      14
      15
      13
      19
      11
      22
      19
      14
      11
      13
      13
      27
      21
      21
      18
      17
      22
      20
      20
      23
      22
      19
      30
      18
      26
      21
      19
      14
      20
      35
      24
      24
      25
      28
      23
      23
      21
      24
      33
      18
      20
      17
      22
      28
      23
      28
      21
      25
      21
      23
      26
      27
      32
      22
      22
      31
      23
      21
      33
      32
      30
      29
      36
      38
      36
      38
      27
      39
      33
      38
      46
      53
      46
      48
      45
      49
      52
      61
      49
      51
      59
      45
      48
      42
      29
      45
      33
      34
      37
      34
      35
      25
      40
      23
      29
      24
      34
      20
      22
      23
      20
      16
      10
      16
      13
      16
      10
      13
      10
       9
      12
      10
       9
       7
       5
       9
       2
       5
       4
       7
       5
       6
       5
       3
       3
       3
       4
       6
       1
       1
       2
       1
       2
       5
       2
       3
       4
       1
       2
       1
       2
       2
       3
       4
       3
       3
       2
       2
       2
       0
       2
       1
       0
       3
       1
       0
       1
       4
       2
       2
       0
       1
       1
       2
       1
       1
       1
       0
       2
       2
       0
       0
       0
       0
       1
       0
       0
       0
       1
       0
       1
       1
       0
       0
       1
       0
       0
       0
       1
       1
       0
       0
       0
       0
       0
       0
       0
       0
       1
       0
       0
       1
       1
       1
       0
       1
       0
       0
       0
       0
       0
       0
       0
       0
       0
       0
       0
       1
       0
       0
       0
       0
       1
       0
       0
       0
       0
       1
       1
       0
       0
       0
       0
       0
       0
       0
       0
       0
       0
       0
       0
       0
       0
       0
       0
       0
       0
       1
       0
       0
       0
       0
       0
       0
       0
       0
       0
       0
       0
       0
       0
       0
       1
       0
       0
       0
       0
       0
       0
       0
       0
       1
       0
       0
       0
       0
       0
       0
       0
       0
       0
       0
       0
       0
       2
       0
       0
       0
       0
       0
       0
       0
       0
       0
       0
       0
       0
       0
       1
       0
       0
       0
       0
       0
       0
       0
       0
       0
       0
       0
       0
       0
       0
       0
       0
       0
       1
       0
       0
       0
       1
       0
       0
       0
       0
       0
       0
       0
       0
       0
       0
       0
       0
       0
       1
       0
       0
       0
       0
       0
       0
       0
       0
       0
       0
       0
       0
       0
       1
       0
       0
       0
       0
       0
       0
       0
       0
       0
       0
       0
       0
       0
       0
       0
       0
       0
       0
       0
       0
       0
       0
       0
       0
       1
       0
       0
       0
       0
       0
       0
       0
       0
       0
       0
       0
       0
       0
       0
       0
       0
       0
       0
       0
       0
       0
       0
       0
       0
       0
       0
       0
       0
       0
       0
       0
       0
       0
       0
       0
       0
       0
       0
       0
       0
       0
       0
       0
       0
       0
       0
       0
       0
       0
       0
       0
       0
       1
       0
       0
       0
       0
       0
       0
       0
       0
       0
       0
       1
       0
       0
       0
       0
       0
       0
       0
       0
       0
       0
       0
       0
       0
       0
       0
       0
       0
       0
       0
       0
       0
       0
       0
       0
       0
       0
       0
       0
       0
       0
       0
       0
       0
       0
       0
       0
       0
       0
       0
       0
       0
       0
       0
       0
       0
       0
       0
       0
       0
       0
       0
       1
       0
       0
       0
       0
       0
       0
       0
       0
       0
       0
       0
       0
       0
       0
       0
       0
       0
       0
       0
       0
       0
       0
       0
       0
       0
       0
       0
       0
       0
       0
       0
       0
       1
       0
       0
       0
       0
       0
       0
       0
       0
       0
       0
       0
       0
       0
       0
       0
       0
       0
       0
       0
       0
       0
       0
       0
       0
       0
       0
       0
       0
       0
       0
       0
       0
       0
       0
       0
       0
       0
       0
       0
       0
       0
       0
       0
       0
       0
       0
       0
       0
       0
$ROI:
1
148 206
$PRESETS:
Live Time
5400
0
$ENER_FIT:
-25.851200 3.073140
$MCA_CAL:
3
-2.585120E+001 3.073140E+000 0.000000E+000 keV
$SHAPE_CAL:
3
5.542020E+000 5.415930E-002 0.000000E+000
