$SPEC_ID:
No sample description was entered.
$SPEC_REM:
DET# 1
DETDESC# SRLAB4 MCB 131 Input 1
AP# GammaVision Version 8.10.02
$DATE_MEA:
09/11/2026 01:56:38
$MEAS_TIM:
5400.00 5419.24
$DATA:
0 1023
       0
       0
       2
    5684
    3278
    3520
    3452
    3641
    3802
    3884
    4326
    4684
    4783
    4560
    4428
    4385
    4472
    4981
    5215
    5481
    6195
    6978
    7738
    8543
    9004
    9588
   10426
   11287
   12057
   13225
   14077
   15384
   16504
   16938
   17041
   16563
   16363
   16044
   15681
   15706
   16059
   15907
   16180
   16148
   16093
   16633
   16162
   16598
   16331
   16447
   16338
   16229
   16065
   16018
   15623
   15649
   15679
   15303
   15241
   15541
   15484
   15985
   15817
   15495
   15383
   14969
   14335
   13642
   12904
   12402
   11820
   11495
   11380
   10829
   10607
   10464
   10425
    9811
    9814
    9657
    9575
    9407
    9359
    8878
    8966
    8771
    8345
    8439
    8068
    7900
    7831
    7563
    7547
    7222
    7244
    7248
    7115
    6952
    6968
    6803
    6645
    6481
    6301
    6247
    6093
    6000
    5864
    5714
    5615
    5621
    5588
    5430
    5382
    5528
    5386
    5293
    5167
    5156
    5131
    5078
    4907
    4805
    4520
    4266
    4178
    3957
    3829
    3634
    3541
    3427
    3380
    3200
    3216
    3097
    3041
    3070
    2908
    2864
    2877
    2748
    2742
    2798
    2692
    2596
    2660
    2573
    2507
    2514
    2562
    2491
    2473
    2484
    2526
    2480
    2586
    2682
    2701
    2926
    3056
    3328
    3667
    4159
    4285
    4836
    5366
    5635
    5972
    6328
    6508
    6762
    6700
    6636
    6425
    6176
    5770
    5493
    4906
    4505
    4022
    3491
    3298
    2915
    2724
    2435
    2234
    1982
    2015
    1936
    1919
    1898
    1871
    1844
    1969
    2050
    2007
    1972
    1995
    2040
    2039
    2059
    1974
    2060
    2081
    1877
    1800
    1783
    1750
    1701
    1634
    1538
    1521
    1474
    1368
    1384
    1286
    1201
    1183
    1158
    1136
    1109
    1120
    1146
    1097
    1129
    1034
    1063
    1114
    1080
    1093
    1079
    1140
    1128
    1124
    1049
    1105
    1045
    1040
    1068
    1034
    1047
    1040
    1093
    1046
    1045
     968
    1013
    1078
    1071
    1039
    1089
    1029
    1028
     982
     979
     976
    1015
     937
     977
     906
     963
     909
     888
     916
     938
     945
     859
     924
    1042
     969
     986
    1041
    1015
    1027
    1077
    1009
    1051
    1135
    1072
    1137
    1163
    1115
    1198
    1246
    1269
    1287
    1314
    1295
    1434
    1404
    1540
    1516
    1561
    1568
    1668
    1665
    1672
    1715
    1691
    1675
    1650
    1701
    1665
    1733
    1699
    1699
    1785
    1811
    1846
    1861
    1866
    1863
    1875
    1892
    1923
    1947
    1890
    2168
    2235
    2524
    2817
    3135
    3461
    3834
    4500
    4677
    4856
    4633
    4455
    4052
    3313
    2942
    2213
    1744
    1209
     888
     744
     537
     439
     339
     300
     321
     318
     301
     316
     287
     303
     296
     277
     283
     305
     293
     294
     285
     274
     290
     310
     271
     275
     255
     239
     228
     218
     207
     215
     208
     181
     176
     173
     164
     157
     150
     151
     153
     144
     143
     163
     146
     125
     130
     130
     149
     131
     133
     106
     137
     121
     129
     124
     125
     117
     119
     110
      91
     119
     100
      74
      75
      76
      69
      48
      58
      46
      33
      36
      33
      31
      28
      32
      24
      22
      18
      19
      27
      24
      18
      13
      11
      21
      24
      19
      11
      17
      19
      26
       9
      15
      12
      10
      11
      16
      13
      16
      15
      17
      15
      17
      16
      11
      20
      20
      15
      15
      16
      19
      13
      22
      24
      17
      20
      12
      20
      18
      13
      15
      14
      20
      17
      20
      26
      28
      16
      19
      21
      13
      22
      18
      16
      16
      21
      28
      21
      25
      18
      26
      34
      26
      20
      23
      22
      31
      18
      24
      21
      28
      18
      24
      22
      19
      23
      22
      26
      26
      20
      18
      25
      30
      28
      24
      23
      22
      24
      21
      30
      28
      24
      23
      23
      24
      38
      25
      18
      26
      21
      34
      33
      28
      29
      28
      32
      30
      42
      42
      48
      42
      38
      41
      50
      42
      44
      44
      41
      34
      51
      54
      51
      53
      40
      48
      36
      35
      42
      35
      34
      35
      35
      25
      39
      25
      18
      21
      15
      19
      20
      16
      14
      20
      10
      10
      15
      14
       9
      11
       9
      12
       4
       7
       4
       9
       3
      10
       6
       5
       5
       3
       7
       4
       2
       4
       3
       4
       0
       6
      10
       1
       1
       3
       1
       2
       2
       4
       3
       2
       3
       2
       2
       2
       4
       1
       5
       1
       1
       0
       1
       3
       1
       2
       2
       2
       1
       1
       1
       1
       2
       0
       1
       1
       2
       0
       0
       1
       0
       5
       0
       0
       1
       2
       0
       3
       0
       0
       0
       0
       0
       1
       0
       1
       0
       0
       1
       0
       0
       1
       3
       0
       1
       0
       2
       0
       3
       0
       0
       0
       0
       0
       1
       0
       0
       0
       3
       0
       0
       0
       0
       0
       1
       0
       1
       0
       0
       0
       0
       0
       0
       0
       0
       0
       0
       0
       0
       0
       0
       0
       2
       0
       0
       1
       0
       0
       0
       0
       0
       0
       0
       0
       0
       1
       0
       0
       0
       1
       0
       0
       0
       0
       1
       0
       0
       0
       0
       1
       1
       0
       1
       0
       0
       0
       0
       0
       0
       0
       0
       0
       0
       0
       0
       0
       0
       0
       0
       0
       0
       0
       0
       0
       0
       0
       0
       0
       0
       0
       0
       0
       0
       0
       0
       1
       1
       0
       0
       0
       0
       0
       0
       0
       0
       0
       0
       0
       0
       0
       0
       0
       0
       0
       0
       0
       0
       0
       0
       0
       0
       0
       0
       0
       0
       0
       0
       0
       0
       0
       0
       0
       0
       1
       0
       0
       0
       0
       0
       0
       1
       0
       1
       0
       0
       0
       0
       0
       0
       0
       0
       0
       0
       0
       0
       0
       0
       0
       0
       0
       0
       0
       0
       0
       0
       0
       0
       0
       0
       0
       0
       0
       0
       0
       0
       0
       0
       0
       0
       0
       0
       0
       0
       0
       0
       0
       0
       0
       0
       0
       0
       0
       1
       0
       0
       0
       0
       0
       0
       0
       0
       0
       0
       0
       0
       0
       0
       0
       0
       0
       0
       0
       0
       0
       0
       0
       0
       0
       0
       0
       0
       0
       0
       0
       0
       0
       0
       0
       0
       0
       0
       0
       0
       0
       0
       0
       0
       0
       1
       0
       0
       0
       0
       0
       0
       0
       0
       0
       0
       0
       0
       0
       0
       0
       0
       0
       0
       0
       1
       0
       0
       0
       0
       0
       0
       0
       0
       0
       0
       0
       0
       0
       0
       0
       0
       0
       0
       0
       0
       0
       0
       0
       0
       0
       0
       0
       0
       0
       0
       0
       0
       0
       0
       0
       1
       0
       0
       0
       0
       0
       0
       0
       0
       0
       0
       0
       0
       0
       0
       0
       0
       0
       0
       0
       0
       0
       0
       0
       0
       0
       0
       0
       0
       0
       0
       0
       0
       0
       0
       0
       0
       0
       0
       0
       0
       0
       0
       0
       0
       0
       0
       0
       0
       0
       0
       0
       0
       0
       0
       0
       0
       0
       0
       0
       0
       0
       0
       0
       0
       0
       0
       0
       0
       0
       0
       0
       0
       0
       0
       0
       0
       0
       0
       0
$ROI:
1
148 206
$PRESETS:
Live Time
5400
0
$ENER_FIT:
-25.851200 3.073140
$MCA_CAL:
3
-2.585120E+001 3.073140E+000 0.000000E+000 keV
$SHAPE_CAL:
3
5.542020E+000 5.415930E-002 0.000000E+000
