$SPEC_ID:
No sample description was entered.
$SPEC_REM:
DET# 1
DETDESC# SRLAB4 MCB 131 Input 1
AP# GammaVision Version 8.10.02
$DATE_MEA:
09/10/2026 14:00:58
$MEAS_TIM:
1680.74 1686.04
$DATA:
0 1023
       0
       0
       0
    1452
     858
     881
     929
     849
     928
    1017
    1108
    1218
    1276
    1196
    1176
    1108
    1249
    1246
    1341
    1459
    1638
    1745
    2027
    2222
    2499
    2661
    2855
    3026
    3283
    3603
    3793
    4193
    4420
    4691
    4947
    5000
    4846
    4688
    4610
    4503
    4585
    4497
    4472
    4668
    4776
    4495
    4641
    4695
    4625
    4764
    4786
    4817
    4628
    4536
    4678
    4585
    4318
    4411
    4336
    4272
    4317
    4477
    4478
    4463
    4456
    4433
    4314
    4213
    4085
    3834
    3658
    3446
    3239
    3148
    3066
    2938
    2948
    2857
    2841
    2861
    2636
    2660
    2687
    2679
    2633
    2506
    2541
    2495
    2412
    2283
    2216
    2196
    2189
    2185
    2113
    2072
    2036
    2037
    1906
    1953
    1948
    1872
    1870
    1737
    1762
    1706
    1685
    1611
    1685
    1536
    1571
    1558
    1524
    1429
    1433
    1410
    1407
    1491
    1366
    1519
    1444
    1389
    1400
    1385
    1290
    1241
    1204
    1182
    1145
    1094
    1083
     986
     869
     890
     897
     882
     875
     862
     876
     801
     749
     796
     728
     764
     765
     723
     702
     710
     672
     727
     677
     634
     660
     655
     624
     675
     638
     622
     612
     602
     609
     621
     637
     568
     594
     565
     605
     616
     608
     577
     577
     561
     584
     574
     520
     520
     554
     577
     587
     549
     520
     533
     537
     515
     525
     492
     505
     490
     522
     496
     486
     469
     525
     531
     513
     528
     555
     546
     567
     532
     539
     594
     609
     580
     560
     555
     598
     584
     570
     525
     576
     510
     457
     475
     457
     438
     394
     417
     388
     394
     332
     317
     343
     314
     315
     340
     308
     336
     291
     326
     279
     332
     318
     273
     305
     295
     298
     292
     316
     284
     300
     274
     299
     279
     282
     318
     297
     261
     289
     280
     268
     269
     284
     286
     314
     323
     329
     283
     279
     282
     318
     279
     287
     284
     328
     306
     294
     300
     310
     277
     347
     308
     316
     327
     362
     333
     346
     320
     302
     328
     332
     339
     386
     373
     403
     397
     362
     419
     410
     417
     440
     448
     498
     444
     490
     499
     534
     554
     562
     525
     545
     542
     524
     529
     516
     519
     525
     589
     538
     561
     614
     614
     621
     613
     601
     566
     625
     656
     715
     786
     840
     999
    1166
    1260
    1383
    1478
    1582
    1469
    1423
    1257
    1062
     851
     687
     526
     433
     268
     209
     173
     135
     119
     109
      77
      84
      80
     104
     100
     103
      96
      91
      78
      70
      74
      80
      98
      79
      94
      86
      82
      71
      78
      68
      74
      68
      68
      43
      57
      56
      39
      47
      35
      55
      47
      31
      39
      36
      39
      24
      30
      39
      29
      33
      38
      32
      42
      37
      29
      34
      30
      38
      27
      41
      26
      23
      29
      27
      30
      31
      23
      28
      21
      19
      16
      15
       9
       3
      21
      10
       7
       6
       9
      10
       8
       7
       6
       8
       7
       4
       3
       5
       3
       7
       3
       4
       3
       5
       7
       4
       3
       8
       6
       4
       4
       7
       7
       4
       4
       5
       2
       7
       3
       7
       5
       5
       4
       6
      14
       3
       4
       4
       5
       8
       5
       5
       5
       3
       2
      12
       3
       3
       7
       6
       5
       2
       8
       6
       9
       6
       9
       4
      11
       8
       8
      10
       8
       1
       2
       7
       3
       4
       7
       7
       6
       0
       7
       8
      11
      10
       9
       6
       6
      13
       7
      10
      10
       4
      10
      10
       5
       3
       6
      10
       7
       7
       7
       8
      10
       5
       3
       8
       6
       5
       9
      10
      10
      17
      10
      10
      21
      12
      12
      12
      14
      13
      15
      13
      17
      14
      13
      10
      18
       9
      17
      16
      18
      14
       9
      12
      16
      11
      15
      11
       9
      14
      14
      14
      15
       8
       3
      12
       5
       5
       5
       9
       4
       7
       9
       4
       4
       4
       4
       2
       2
       2
       3
       3
       4
       2
       5
       2
       2
       1
       2
       2
       1
       6
       4
       1
       1
       2
       1
       0
       1
       3
       2
       0
       0
       1
       0
       1
       0
       0
       0
       1
       3
       0
       4
       1
       0
       0
       0
       0
       0
       1
       0
       0
       0
       0
       0
       0
       0
       0
       0
       0
       0
       1
       0
       1
       0
       0
       0
       0
       0
       0
       0
       0
       0
       0
       1
       0
       0
       0
       1
       0
       0
       0
       0
       0
       1
       0
       0
       1
       1
       0
       0
       0
       0
       0
       0
       0
       0
       0
       0
       0
       0
       0
       0
       1
       1
       0
       0
       0
       0
       1
       0
       1
       0
       0
       0
       1
       0
       0
       0
       0
       0
       0
       0
       0
       0
       0
       0
       0
       0
       0
       0
       0
       0
       0
       0
       0
       1
       0
       0
       0
       0
       0
       0
       0
       0
       0
       0
       0
       0
       0
       0
       0
       0
       0
       0
       0
       0
       0
       0
       0
       0
       0
       0
       0
       0
       0
       0
       0
       1
       0
       0
       0
       0
       0
       0
       0
       0
       0
       0
       0
       0
       0
       0
       0
       0
       0
       0
       0
       0
       0
       0
       0
       0
       0
       0
       0
       0
       0
       0
       0
       0
       0
       0
       0
       0
       0
       0
       0
       0
       0
       0
       0
       0
       0
       0
       0
       0
       0
       0
       0
       0
       0
       0
       0
       0
       0
       0
       0
       0
       0
       0
       0
       0
       0
       0
       0
       0
       0
       0
       0
       0
       0
       0
       0
       0
       0
       0
       0
       0
       0
       0
       0
       0
       0
       0
       0
       0
       0
       0
       0
       0
       0
       0
       0
       0
       0
       0
       0
       0
       0
       0
       0
       0
       0
       0
       0
       0
       0
       0
       0
       0
       0
       0
       0
       0
       0
       0
       0
       0
       0
       0
       0
       0
       0
       0
       0
       0
       0
       0
       0
       0
       0
       0
       0
       0
       0
       0
       0
       0
       0
       0
       0
       0
       0
       0
       0
       0
       0
       0
       0
       0
       0
       0
       0
       0
       0
       0
       0
       0
       0
       0
       0
       0
       0
       0
       0
       0
       0
       0
       0
       0
       0
       0
       0
       0
       0
       0
       0
       0
       0
       0
       0
       0
       0
       0
       0
       0
       0
       0
       0
       0
       0
       0
       0
       0
       0
       0
       0
       0
       0
       0
       0
       0
       0
       0
       0
       0
       0
       0
       0
       0
       0
       0
       0
       0
       0
       0
       0
       0
       0
       0
       0
       0
       0
       0
       0
       0
       0
       0
       0
       0
       0
       0
       0
       0
       0
       0
       0
       0
       0
       0
       0
       0
       0
       0
       0
       0
       0
       0
       0
       0
       0
       0
       0
       0
       0
       0
       0
       0
       0
       0
       0
       0
       0
       0
       0
       0
       0
       0
       0
       0
       0
       0
       0
       0
       0
       0
       0
       0
       0
       0
       0
       0
       0
       0
       0
       0
       0
       0
       0
       0
       0
       0
       0
       0
       0
       0
       0
       0
       0
       0
$ROI:
1
198 246
$PRESETS:
Live Time
5400
0
$ENER_FIT:
0.000000 2.974330
$MCA_CAL:
3
0.000000E+000 2.974330E+000 0.000000E+000 keV
$SHAPE_CAL:
3
1.795350E+001 0.000000E+000 0.000000E+000
