$SPEC_ID:
No sample description was entered.
$SPEC_REM:
DET# 1
DETDESC# SRLAB4 MCB 131 Input 1
AP# GammaVision Version 8.10.02
$DATE_MEA:
09/10/2026 14:30:47
$MEAS_TIM:
1669.00 1691.20
$DATA:
0 1023
       0
       0
       8
    5331
    3561
    3553
    3693
    3716
    3865
    4013
    4421
    4867
    5136
    5002
    4766
    4527
    4333
    4319
    4526
    4607
    4839
    4954
    5191
    5340
    5770
    6044
    6080
    6249
    6605
    6961
    7299
    7555
    7993
    8398
    8421
    8451
    8320
    8333
    8027
    8059
    8126
    8325
    8308
    8357
    8327
    8303
    8261
    8509
    8279
    8271
    8556
    8430
    8531
    8472
    8476
    8581
    8551
    8772
    8800
    8780
    9054
    9280
    9316
    9493
    9304
    9265
    9210
    8848
    8497
    8343
    8125
    7796
    7487
    7564
    7301
    7292
    7187
    6980
    6946
    6989
    6818
    6799
    6678
    6469
    6424
    6315
    6334
    6235
    6055
    5923
    5993
    5916
    5822
    5731
    5790
    5560
    5745
    5628
    5614
    5514
    5565
    5411
    5575
    5442
    5494
    5428
    5238
    5305
    5177
    5178
    5161
    5016
    4819
    4662
    4675
    4488
    4473
    4216
    4220
    4161
    3880
    3796
    3558
    3607
    3503
    3351
    3243
    3192
    2998
    2973
    2893
    2815
    2803
    2667
    2592
    2581
    2582
    2551
    2582
    2482
    2420
    2456
    2463
    2388
    2390
    2350
    2288
    2350
    2326
    2343
    2341
    2326
    2402
    2513
    2586
    2727
    3043
    3248
    3772
    4207
    4902
    6077
    7088
    8661
   10197
   12189
   14411
   16542
   19234
   21749
   23789
   26246
   27749
   29054
   29446
   29775
   29523
   28563
   26453
   24644
   22429
   19657
   17056
   14792
   12298
   10224
    8714
    6977
    5726
    4554
    3854
    3106
    2731
    2445
    2198
    1961
    1912
    1834
    1856
    1759
    1694
    1752
    1770
    1688
    1719
    1777
    1783
    1738
    1639
    1629
    1644
    1610
    1611
    1655
    1566
    1502
    1629
    1502
    1555
    1560
    1491
    1495
    1589
    1537
    1565
    1580
    1560
    1625
    1601
    1586
    1530
    1611
    1673
    1646
    1700
    1670
    1718
    1701
    1707
    1651
    1729
    1666
    1737
    1765
    1658
    1696
    1679
    1670
    1656
    1649
    1645
    1653
    1587
    1573
    1520
    1639
    1634
    1573
    1508
    1504
    1600
    1592
    1625
    1646
    1634
    1617
    1731
    1685
    1645
    1726
    1752
    1731
    1738
    1838
    1841
    1845
    1867
    1955
    1941
    1980
    2081
    2116
    2221
    2184
    2337
    2299
    2349
    2495
    2394
    2603
    2621
    2761
    2907
    2982
    3097
    3214
    3044
    3296
    3365
    3317
    3426
    3362
    3408
    3378
    3252
    3311
    3326
    3293
    3357
    3571
    3791
    4329
    5190
    5969
    7221
    8745
   10407
   11717
   12644
   13758
   14413
   14771
   14905
   15013
   15149
   14849
   14334
   13423
   11826
   10196
    8296
    6377
    4629
    3159
    2012
    1267
     781
     488
     276
     197
     151
     170
     125
     110
     103
     101
     120
     120
     108
      99
     119
     107
      92
      98
     104
      90
      76
      89
      90
      95
      86
      96
      78
      75
      64
      87
      53
      62
      62
      69
      54
      55
      46
      52
      46
      43
      49
      56
      53
      52
      47
      45
      49
      62
      43
      40
      56
      55
      47
      44
      50
      45
      42
      43
      44
      41
      41
      39
      34
      31
      34
      32
      27
      36
      25
      26
      14
      17
      22
      24
      23
      16
      15
      13
      16
      19
      22
      10
      10
      14
      11
      23
       9
      18
      15
      15
       7
      13
      16
      14
       9
      16
      11
      13
      13
      17
       8
      14
      10
      16
      13
      17
      12
      15
       9
      19
      13
      14
      15
      14
      12
      13
       8
       7
      20
      14
      10
      10
      15
      16
      10
      15
      15
      15
      16
      21
      12
      15
      10
      13
      14
       6
       6
      10
       7
      14
      15
       8
      15
      11
      14
       7
      10
      20
      19
      13
      11
      10
      18
      17
      12
      12
       6
       6
      19
      18
      19
      21
      14
      15
      13
      12
      14
      19
      13
       8
      10
      11
       9
      15
       7
      11
      12
       9
       9
       8
      12
       9
      18
      10
      13
       9
      11
       9
      18
      12
      19
      18
      24
      18
      12
      18
      13
      20
      15
      16
      18
      18
      16
      16
      16
      26
      15
      17
      11
      14
       8
      11
       9
       3
       8
       6
      12
      11
       3
      12
       6
      10
       4
       8
       7
       1
       2
       1
       9
       6
       5
       4
       3
       6
       5
       7
       0
       3
       3
       0
       2
       2
       4
       2
       0
       3
       3
       1
       3
       1
       3
       1
       2
       2
       2
       1
       2
       3
       0
       4
       5
       1
       0
       0
       1
       0
       1
       2
       1
       0
       0
       1
       0
       1
       2
       3
       0
       1
       0
       3
       1
       3
       1
       0
       5
       2
       1
       2
       0
       4
       3
       4
       0
       0
       1
       0
       1
       3
       2
       1
       0
       0
       0
       2
       0
       1
       1
       1
       2
       1
       0
       0
       0
       0
       2
       2
       1
       1
       0
       0
       1
       1
       1
       0
       1
       0
       0
       1
       1
       0
       2
       2
       0
       0
       0
       1
       0
       0
       1
       0
       2
       0
       0
       3
       0
       2
       0
       0
       1
       0
       0
       0
       0
       0
       0
       0
       1
       0
       0
       0
       0
       0
       0
       0
       0
       0
       1
       1
       0
       0
       2
       0
       0
       0
       0
       0
       0
       0
       0
       0
       1
       0
       0
       1
       1
       1
       0
       0
       1
       0
       0
       0
       0
       0
       0
       0
       0
       0
       0
       0
       0
       0
       0
       0
       0
       0
       0
       0
       0
       0
       0
       0
       0
       0
       0
       0
       0
       0
       0
       0
       0
       0
       0
       0
       0
       0
       0
       0
       0
       0
       0
       0
       0
       0
       0
       0
       0
       0
       1
       0
       0
       0
       1
       0
       0
       0
       0
       0
       0
       0
       0
       0
       0
       0
       0
       0
       0
       0
       0
       0
       0
       0
       0
       0
       0
       0
       0
       0
       0
       0
       0
       0
       0
       0
       0
       0
       0
       0
       0
       0
       0
       0
       0
       0
       0
       0
       0
       0
       0
       0
       0
       0
       0
       0
       0
       0
       0
       0
       0
       0
       0
       0
       0
       0
       0
       0
       0
       0
       0
       0
       0
       0
       0
       0
       0
       0
       0
       0
       0
       0
       0
       0
       0
       0
       0
       0
       0
       0
       0
       0
       0
       0
       0
       0
       0
       0
       0
       0
       0
       0
       0
       0
       0
       0
       0
       0
       0
       0
       0
       0
       0
       0
       0
       0
       1
       0
       0
       0
       0
       0
       0
       0
       0
       0
       0
       0
       0
       0
       0
       0
       0
       0
       0
       0
       0
       0
       0
       0
       0
       0
       0
       0
       0
       0
       0
       0
       0
       0
       0
       0
       0
       0
       0
       0
       1
       1
       0
       0
       0
       0
       0
       0
       0
       0
       0
       0
       0
       0
       0
       0
       0
       0
       0
       0
       0
       0
       0
       0
       0
       0
       0
       0
       0
       0
       0
       0
       0
       0
       0
       0
       0
       0
       0
       0
       0
       0
       0
       0
       0
       0
       0
       0
       0
       0
       0
       0
       0
       0
       0
       0
       0
       0
       0
       0
       0
       0
       0
       0
       0
       0
       0
       0
       0
       0
       0
       0
       0
       0
       0
       0
       0
       0
       0
       0
       0
       0
       0
       0
       0
       0
       0
       0
       0
       0
       0
       0
       0
       0
$ROI:
2
146 204
294 352
$PRESETS:
Live Time
5400
0
$ENER_FIT:
0.000000 2.974330
$MCA_CAL:
3
0.000000E+000 2.974330E+000 0.000000E+000 keV
$SHAPE_CAL:
3
1.795350E+001 0.000000E+000 0.000000E+000
